"V1" "V2" "V3" "V4" "V5" "V6" "V7" "V8" "V9" "V10" "V11" "V12" "V13" "V14" "V15" "V16" "V17" "V18" "V19" "V20" "V21" "V22" "V23" "V24" "V25" "V26" "V27" "V28" "V29" "V30"
"1" 0 1 0 1 0 1 1 0 0 1 0 1 1 0 1 1 0 1 1 0 1 1 1 1 1 1 1 0 1 1
"2" 1 1 0 1 1 1 1 1 1 1 1 1 1 1 1 1 1 0 0 0 1 1 1 1 1 0 1 1 1 1
"3" 1 1 0 1 0 1 1 0 1 1 1 1 1 1 1 0 0 1 1 1 1 1 1 0 1 1 1 0 1 0
"4" 1 1 0 1 1 1 1 1 0 0 0 1 1 1 1 0 1 1 0 1 1 1 0 0 1 1 1 0 1 1
"5" 0 1 0 1 1 1 1 0 1 1 1 1 1 1 1 1 0 1 1 0 1 1 1 0 1 1 0 0 0 0
"6" 0 1 0 1 0 1 1 0 1 0 0 1 0 0 1 0 0 0 0 0 1 1 1 0 1 1 1 0 0 0
"7" 1 0 0 1 0 1 1 0 1 0 0 1 1 1 1 1 0 0 0 0 0 1 1 0 1 0 1 0 1 1
"8" 1 1 0 1 1 1 1 0 0 1 0 1 0 1 1 1 1 1 0 0 1 1 0 0 1 1 1 0 1 1
"9" 0 1 1 1 0 1 1 1 1 0 0 1 1 1 1 1 0 1 0 0 0 0 1 1 1 1 1 0 1 1
"10" 1 1 0 1 1 1 1 0 0 1 0 1 1 1 1 1 0 1 0 0 1 0 1 0 1 1 1 0 0 1
"11" 0 1 0 1 1 1 1 1 1 1 1 1 0 1 0 0 0 1 0 0 0 1 1 1 1 1 0 0 0 1
"12" 0 0 0 1 1 1 1 0 0 1 0 1 0 1 1 1 1 0 0 0 1 1 0 0 1 0 0 0 0 0
"13" 0 1 0 1 0 1 1 0 1 1 1 1 0 0 1 0 0 1 0 0 1 1 1 0 1 1 1 0 0 1
"14" 0 0 0 1 1 1 1 0 0 0 0 1 0 1 1 0 1 1 0 0 0 1 1 1 1 1 1 0 0 1
"15" 1 0 0 1 1 1 1 1 1 1 0 1 1 1 1 0 0 0 0 0 0 1 0 1 1 0 1 0 0 1
"16" 1 1 1 1 1 1 1 0 0 0 1 1 1 1 1 0 0 1 0 0 0 1 1 1 1 1 1 0 1 1
"17" 1 0 0 1 0 1 1 0 0 1 0 1 1 1 1 0 0 1 0 0 0 1 1 0 1 1 1 0 0 1
"18" 1 1 1 1 1 1 1 0 1 1 0 1 1 1 1 1 0 1 1 0 0 1 1 0 1 1 1 0 1 1
"19" 0 1 0 1 0 1 1 0 0 0 0 1 1 0 1 1 0 1 1 0 1 1 0 0 1 1 1 0 1 1
"20" 0 1 0 1 1 1 1 0 0 1 0 1 1 1 1 1 1 1 1 0 1 1 0 0 1 1 0 0 1 1
"21" 1 1 0 1 1 1 1 0 0 1 0 1 0 1 1 1 1 1 1 0 1 1 1 1 1 1 1 1 1 0
"22" 1 1 0 1 1 1 1 1 1 1 1 1 0 1 1 1 1 1 1 0 1 1 1 1 1 1 1 0 0 1
"23" 0 0 0 1 1 1 1 0 0 0 0 0 0 0 1 1 0 1 0 0 1 1 1 1 1 1 1 0 0 1
"24" 1 0 0 1 1 1 1 1 1 1 0 1 1 1 1 1 1 1 1 0 0 1 1 1 1 1 0 0 0 0
"25" 0 1 0 1 0 1 1 0 0 1 1 1 1 1 1 0 0 1 0 0 0 1 1 0 1 1 0 0 1 1
"26" 1 1 0 1 1 1 1 0 1 1 0 1 0 0 1 1 1 1 1 0 1 1 1 1 1 1 1 0 1 1
"27" 0 1 0 1 0 1 1 0 0 1 0 1 0 1 1 0 0 0 0 0 0 0 1 0 1 1 0 0 0 0
"28" 0 1 0 1 1 1 1 0 0 0 0 1 0 0 1 1 0 0 0 0 0 0 0 0 1 0 0 0 0 1
"29" 0 0 1 1 1 1 1 0 0 1 0 1 0 1 1 0 1 1 0 1 0 1 1 1 1 1 1 0 1 1
"30" 0 0 0 1 1 1 1 0 1 1 0 1 0 1 0 0 0 0 0 0 1 0 1 0 1 1 0 0 0 1
"31" 0 1 0 1 0 1 1 0 1 0 0 0 1 1 1 0 1 0 0 0 0 1 1 0 1 1 1 0 0 1
"32" 1 1 1 1 0 1 1 0 1 1 1 1 0 1 1 0 1 1 0 0 1 1 1 1 1 1 0 0 1 1
"33" 0 0 0 1 1 1 0 0 0 0 0 1 0 1 1 0 0 0 0 0 1 0 0 0 1 1 1 0 0 1
"34" 0 1 0 1 1 1 1 1 1 0 0 0 1 1 1 0 1 1 1 0 1 1 1 0 1 0 1 0 1 1
"35" 0 0 0 1 1 1 1 0 1 1 1 1 0 1 1 0 1 0 1 0 0 1 0 0 1 1 1 0 0 0
"36" 0 0 0 1 0 1 1 0 1 1 0 1 1 1 1 1 1 1 0 0 0 1 1 1 1 1 1 0 1 1
"37" 1 1 0 1 1 1 1 0 0 1 0 1 0 1 1 0 1 0 0 0 0 0 1 1 1 1 0 0 1 1
"38" 0 0 0 0 0 1 1 0 0 0 0 1 1 0 1 0 0 1 0 0 1 1 1 0 1 1 1 0 0 1
"39" 1 0 1 1 1 1 1 0 1 1 0 1 1 1 1 1 1 1 1 0 1 1 1 1 1 0 1 0 1 1
"40" 0 1 0 1 0 1 1 0 1 0 1 1 0 1 1 0 1 0 1 0 0 1 0 0 1 1 1 0 1 0
"41" 0 0 0 1 0 1 1 0 1 0 0 1 0 0 1 0 0 0 1 0 0 0 1 0 1 1 0 0 0 0
"42" 0 0 0 1 0 1 1 0 0 0 0 0 0 0 1 0 1 1 0 0 1 1 1 0 1 1 0 0 0 0
"43" 1 0 1 1 1 1 1 0 0 1 0 1 0 0 0 0 0 0 0 0 1 1 1 0 1 1 0 0 0 0
"44" 0 0 0 1 0 1 1 0 0 0 0 1 0 0 1 0 0 1 1 0 1 1 1 1 1 1 1 0 0 0
"45" 0 0 0 0 0 1 1 0 1 0 0 1 1 0 0 0 0 0 0 0 0 0 1 0 1 1 0 0 0 0
"46" 0 1 0 1 0 1 1 0 0 0 0 1 1 1 1 1 0 1 1 0 0 1 1 0 1 1 1 0 1 1
"47" 0 1 0 1 0 0 1 1 0 0 0 1 0 1 1 0 0 0 0 0 0 0 1 0 1 1 1 0 0 0
"48" 0 1 0 1 0 1 1 0 0 1 0 1 0 1 1 1 0 0 1 1 0 0 1 1 1 1 1 0 0 1
"49" 0 0 0 1 1 1 0 0 0 0 0 1 0 1 0 0 1 1 1 0 1 1 1 0 1 1 1 0 1 1
"50" 0 0 0 1 0 1 1 0 0 0 0 1 1 1 1 0 0 1 0 0 1 1 1 0 1 1 0 0 0 1
"51" 0 0 0 1 0 1 1 0 0 0 0 1 1 0 1 1 0 0 0 0 1 0 1 0 1 1 1 0 1 0
"52" 0 0 1 1 1 1 1 0 1 1 0 1 0 1 1 0 0 1 1 0 1 1 1 1 1 1 1 0 0 0
"53" 0 1 0 1 0 1 1 0 0 0 0 0 0 1 1 0 1 0 0 0 0 1 1 0 1 0 1 0 0 0
"54" 0 1 0 1 1 1 1 0 1 1 0 1 1 1 1 0 1 1 0 0 0 1 1 1 1 1 1 0 0 0
"55" 1 1 0 1 0 1 1 0 0 1 1 1 1 1 1 0 0 0 1 0 1 0 1 1 1 1 1 0 0 1
"56" 0 1 1 1 0 1 1 0 1 0 0 1 1 0 1 0 0 1 0 0 1 1 1 0 1 1 1 0 1 1
"57" 1 0 0 1 0 1 1 1 0 0 1 1 0 1 1 0 0 0 0 0 0 1 1 1 1 1 1 0 0 0
"58" 1 0 0 1 1 1 1 0 0 1 0 1 0 1 1 0 1 1 0 0 1 0 0 0 1 1 1 0 1 0
"59" 0 0 0 1 0 1 1 0 0 0 0 0 0 0 0 0 0 1 1 0 1 0 1 0 1 1 1 0 0 1
"60" 0 0 0 1 1 1 1 0 1 1 0 1 0 0 1 0 0 1 0 0 1 1 1 0 1 1 1 0 1 1
"61" 1 0 0 1 0 1 1 0 0 1 0 1 0 1 1 0 0 1 0 0 1 0 1 1 1 1 1 0 1 0
"62" 0 1 0 1 1 1 1 0 1 1 0 1 1 1 1 0 0 1 1 0 0 1 1 1 1 1 1 0 1 1
"63" 1 1 0 1 1 1 1 0 1 0 0 1 1 1 1 1 0 1 0 1 1 1 1 1 1 1 1 0 1 0
"64" 1 1 0 1 1 1 1 0 1 1 0 1 0 1 1 1 0 1 1 0 1 1 1 1 1 1 0 0 0 1
"65" 0 0 0 1 0 1 1 0 0 1 0 1 1 1 1 0 0 1 0 1 1 1 1 0 1 1 1 0 0 1
"66" 1 1 0 1 1 1 1 0 1 1 1 1 1 1 1 0 0 1 1 0 1 0 1 1 1 1 1 0 1 1
"67" 1 1 1 1 1 1 1 1 1 1 1 1 1 1 1 1 1 1 0 0 0 1 1 1 1 1 1 0 0 1
"68" 1 1 0 1 0 1 1 0 0 1 0 1 1 1 1 0 0 1 1 0 0 1 1 0 0 1 1 0 0 1
"69" 0 1 0 1 1 1 1 0 0 1 1 1 0 1 1 1 0 1 0 0 0 1 0 0 1 1 0 0 0 1
"70" 1 0 0 1 0 1 1 0 0 0 0 1 0 0 1 0 0 1 0 0 0 0 1 0 1 1 1 0 0 1
"71" 0 0 0 1 0 1 1 0 0 0 0 1 0 1 0 0 0 0 0 0 0 0 0 0 1 1 1 0 0 0
"72" 0 1 0 1 0 1 1 0 0 0 0 1 0 1 1 1 0 1 1 0 0 1 1 0 1 1 1 0 0 0
"73" 0 1 0 1 1 1 1 1 1 0 0 1 1 1 1 0 0 0 0 0 0 1 1 0 1 0 1 0 0 1
"74" 1 1 0 1 1 1 1 0 0 1 0 1 0 1 1 1 0 0 0 0 0 1 1 0 1 1 1 0 0 0
"75" 0 1 0 1 0 1 1 1 0 1 0 1 0 1 1 0 0 0 0 0 0 1 1 1 1 1 1 0 1 1
"76" 0 0 1 1 0 1 1 0 0 0 0 0 1 1 1 0 1 0 0 0 0 0 0 0 1 0 1 0 0 1
"77" 0 1 1 1 1 1 0 0 1 1 0 1 1 1 1 1 0 0 0 0 0 1 1 0 1 0 1 0 0 1
"78" 0 0 1 1 1 1 1 0 0 0 0 1 0 1 1 0 1 0 0 0 1 0 0 1 1 0 1 0 0 0
"79" 0 0 0 1 1 1 1 0 1 1 0 0 1 1 1 0 0 1 0 0 1 0 1 1 1 0 1 0 0 1
"80" 1 1 0 1 1 1 1 0 1 0 0 1 1 1 1 1 0 1 1 0 1 1 1 0 0 1 1 0 0 0
"81" 1 0 0 1 0 1 1 1 0 1 0 1 0 1 1 1 1 0 0 0 0 1 1 1 1 1 1 0 0 1
"82" 1 1 0 1 1 1 1 0 0 1 1 1 1 1 1 0 0 1 1 0 1 1 1 1 1 1 1 0 0 1
"83" 1 1 0 1 0 1 1 1 0 0 0 1 0 0 1 0 0 1 0 0 0 0 1 0 1 1 0 0 0 0
"84" 0 1 0 1 1 1 1 0 0 1 0 1 0 1 1 0 0 1 0 0 1 0 0 0 1 1 1 0 0 0
"85" 0 0 0 1 0 1 1 0 0 0 0 1 1 1 1 0 0 0 0 0 0 1 0 0 1 0 1 0 0 0
"86" 1 1 0 1 0 1 1 0 0 1 0 1 0 1 0 0 0 1 1 0 1 1 1 0 1 1 1 0 1 1
"87" 0 1 0 1 0 1 1 0 1 1 0 1 1 1 1 0 0 0 0 0 1 1 1 0 1 0 1 0 0 1
"88" 1 1 0 1 1 1 1 0 0 1 0 1 0 1 1 0 0 1 1 0 0 1 0 0 0 1 1 0 0 1
"89" 1 1 0 1 1 1 1 0 0 1 0 1 0 1 1 0 0 0 1 0 0 1 1 0 1 1 1 0 0 0
"90" 0 0 0 1 0 1 1 0 0 1 0 1 0 1 1 0 0 0 1 0 0 1 1 0 1 0 1 0 0 1
"91" 1 1 0 1 0 1 1 0 0 0 0 1 1 0 1 0 0 0 1 0 0 0 0 0 1 1 1 0 0 1
"92" 1 0 0 1 1 1 1 0 1 1 1 1 1 1 1 1 0 0 1 0 0 0 1 1 1 1 1 0 0 1
"93" 0 1 0 1 0 1 1 0 0 0 0 1 0 1 1 1 1 0 0 0 1 1 1 1 1 1 0 0 1 1
"94" 0 1 0 1 0 1 1 0 0 1 0 0 0 0 1 0 1 0 0 0 0 0 1 0 1 0 0 0 0 0
"95" 0 0 0 1 0 1 1 0 0 0 0 1 1 1 1 0 0 1 1 0 1 1 1 0 1 1 0 0 0 0
"96" 0 1 0 1 0 1 1 0 0 1 0 1 0 0 1 0 0 0 0 0 0 0 0 0 1 1 0 0 0 0
"97" 0 1 0 1 0 1 1 0 1 1 0 1 0 1 1 1 1 1 1 0 0 0 1 0 1 1 1 0 0 1
"98" 1 1 0 1 1 1 1 0 1 1 0 1 1 1 1 0 1 1 1 1 1 1 1 1 1 0 1 0 1 1
"99" 1 1 0 1 1 1 1 0 1 1 1 1 1 1 1 1 1 1 1 0 1 1 1 0 1 1 1 0 0 1
"100" 1 1 0 1 1 1 1 1 0 1 0 1 1 1 1 1 1 1 1 0 1 0 1 1 1 1 1 0 1 0
"101" 1 1 0 1 0 1 1 1 1 1 1 1 1 1 1 0 1 0 1 0 1 0 1 0 1 1 1 0 0 0
"102" 1 1 1 1 0 1 1 1 0 1 0 1 1 0 1 0 1 0 1 0 0 0 1 1 1 0 1 1 0 0
"103" 0 0 1 1 1 1 1 0 1 1 0 1 0 1 1 0 0 0 0 0 0 1 1 1 1 1 0 0 0 0
"104" 0 0 0 1 0 1 1 0 0 0 0 0 0 0 1 0 0 0 0 0 1 0 1 0 1 1 1 0 0 0
"105" 0 1 1 1 0 1 1 0 1 0 1 1 1 1 1 0 0 0 0 0 1 1 1 0 1 0 1 1 0 1
"106" 0 1 0 1 0 1 0 0 0 0 0 0 0 1 1 1 0 1 0 0 1 0 0 0 1 0 0 0 0 0
"107" 0 0 0 1 0 1 1 0 0 1 0 1 1 1 1 1 1 0 0 0 1 0 1 0 1 1 0 0 1 1
"108" 0 0 0 1 0 1 1 0 0 0 0 1 0 1 1 0 0 1 0 0 1 1 1 0 1 1 0 0 0 0
"109" 0 0 0 1 0 1 1 0 0 1 0 1 0 1 1 0 0 1 1 0 1 1 1 0 1 0 0 0 1 1
"110" 1 1 0 1 1 1 1 0 0 1 0 1 1 1 1 1 1 0 0 0 1 1 1 0 1 0 0 0 0 0
"111" 1 1 0 1 1 1 1 1 1 1 1 1 1 1 1 0 1 1 0 0 1 1 1 1 1 1 1 0 1 1
"112" 0 1 0 1 1 1 1 1 0 0 0 1 0 1 1 0 0 0 0 0 1 1 1 0 1 1 1 0 0 0
"113" 0 1 0 1 0 1 1 1 1 1 0 1 1 0 1 1 0 1 1 0 1 1 1 1 1 1 1 0 1 1
"114" 1 0 0 1 0 1 1 0 1 1 1 1 0 1 1 0 0 1 1 0 0 1 1 0 1 1 1 0 1 0
"115" 0 0 0 1 1 1 1 0 0 0 0 1 1 1 1 1 0 0 0 0 1 1 1 0 1 1 0 0 1 0
"116" 0 1 0 1 1 1 1 1 0 0 0 1 1 1 1 0 0 1 0 1 1 1 1 1 1 1 1 0 1 1
"117" 1 0 0 1 1 1 1 0 0 1 0 0 1 1 1 0 0 0 0 0 0 1 1 0 1 1 0 0 1 0
"118" 0 1 1 1 1 1 1 0 0 0 0 1 1 1 1 0 0 0 1 0 0 0 1 0 1 0 0 0 0 0
"119" 1 1 0 1 0 1 1 0 1 0 0 1 1 1 1 0 0 0 0 0 0 0 1 0 1 0 1 0 0 0
"120" 1 1 0 1 0 1 1 1 1 1 1 1 1 1 1 0 0 0 0 0 1 0 1 1 1 1 0 0 1 0
"121" 0 1 1 1 1 1 1 0 0 1 0 1 1 1 1 1 1 1 0 0 0 1 1 0 1 1 1 0 0 1
"122" 1 1 0 1 1 1 1 0 1 1 0 1 1 1 1 0 1 1 0 1 1 1 1 1 1 1 1 0 1 0
"123" 0 1 1 1 1 1 1 1 0 0 1 1 1 1 1 0 1 1 0 0 0 1 1 1 1 1 1 0 1 1
"124" 0 1 1 1 1 1 1 0 1 1 1 1 0 1 0 1 1 1 0 0 1 1 1 1 1 1 0 0 0 1
"125" 1 1 0 1 1 1 1 0 1 1 0 1 1 1 1 1 1 1 1 1 1 1 1 1 1 1 1 0 1 1
"126" 1 1 0 1 0 1 1 0 0 0 0 1 1 1 1 1 0 1 0 0 1 0 1 0 1 1 1 0 1 1
"127" 1 0 0 1 1 1 1 0 0 1 0 1 1 0 1 0 0 1 0 0 0 0 0 0 1 1 1 0 0 0
"128" 0 0 0 1 0 1 0 0 0 0 0 0 0 0 1 0 0 0 0 0 1 0 0 0 1 0 0 0 0 1
"129" 0 1 0 1 0 1 1 0 0 1 0 1 1 1 1 1 1 1 1 0 1 1 1 1 1 1 1 0 0 1
"130" 0 0 1 0 0 1 1 0 0 0 0 1 0 1 1 0 1 0 0 0 0 1 0 0 1 0 0 0 0 1
"131" 0 1 0 1 0 1 1 0 1 1 0 1 1 1 1 1 0 1 0 0 0 1 0 0 1 1 1 0 1 0
"132" 1 1 0 1 1 1 1 0 1 0 0 1 0 1 1 0 0 1 0 0 1 1 0 1 1 1 0 0 1 0
"133" 0 0 0 1 0 1 1 1 0 1 0 1 1 0 1 1 0 0 0 0 0 1 1 1 1 1 1 0 1 1
"134" 0 1 0 1 0 1 1 0 1 1 0 1 0 0 1 1 0 1 0 0 1 1 1 1 1 1 1 0 1 1
"135" 1 0 0 1 1 1 0 0 0 1 0 1 0 1 1 1 0 0 0 0 0 0 0 0 1 1 0 0 1 0
"136" 1 1 1 1 1 1 1 0 1 1 0 1 0 1 1 1 1 1 1 0 0 1 0 0 1 1 0 0 1 0
"137" 0 0 0 1 1 1 1 0 0 0 1 1 0 1 1 0 0 1 0 0 0 1 0 0 1 1 0 0 0 1
"138" 0 1 0 1 1 1 1 0 1 0 0 1 1 1 1 0 0 1 1 0 0 1 1 0 1 1 1 0 0 1
"139" 0 1 0 1 0 1 1 1 0 0 0 1 0 0 1 1 1 0 1 0 1 1 1 1 1 1 0 0 1 1
"140" 0 1 0 1 0 1 1 0 1 0 0 1 0 1 1 1 1 1 0 0 1 1 1 1 1 1 0 0 1 0
"141" 0 0 0 1 0 1 1 0 1 1 0 1 0 1 1 1 0 0 0 0 0 0 0 0 1 1 0 0 0 1
"142" 1 1 0 1 0 1 1 0 1 1 0 1 1 1 1 0 0 1 0 0 1 1 1 1 1 1 1 0 0 1
"143" 1 0 0 1 1 1 1 0 1 1 0 1 0 1 0 0 0 0 0 0 1 1 1 0 1 1 1 0 0 1
"144" 0 1 0 1 1 1 1 0 1 1 0 1 0 1 1 1 0 0 0 0 0 0 1 0 1 1 1 0 1 1
"145" 0 0 0 1 0 1 1 0 0 0 0 0 0 1 1 0 0 0 0 0 0 1 1 1 1 1 1 0 1 1
"146" 0 0 0 1 0 1 1 0 1 0 0 1 0 1 1 1 0 0 0 0 1 1 1 0 1 0 1 0 0 1
"147" 0 1 0 1 0 1 1 0 0 0 0 1 0 1 1 0 0 1 0 0 0 0 1 0 1 1 1 0 1 1
"148" 0 1 0 1 0 1 1 1 1 0 0 1 0 1 1 0 0 0 0 1 1 1 1 1 1 0 0 0 0 0
"149" 1 1 0 1 0 1 1 0 1 1 0 1 0 1 1 0 0 0 0 0 1 1 0 1 1 1 0 1 0 1
"150" 1 1 0 1 1 1 1 1 1 1 1 1 1 1 1 0 0 0 0 0 1 1 0 0 1 0 1 0 0 1
"151" 1 1 1 1 1 1 1 1 1 1 1 1 1 1 1 0 1 1 0 0 1 1 1 1 1 1 1 0 1 1
"152" 0 0 1 0 1 1 1 0 0 1 0 1 1 1 1 1 0 1 0 0 1 1 1 0 1 1 1 0 1 1
"153" 0 0 0 1 1 1 1 0 1 0 0 1 0 1 1 0 0 1 1 0 0 0 1 0 1 1 0 0 0 1
"154" 0 0 0 1 0 1 1 0 0 1 0 1 1 0 1 0 1 1 1 0 0 1 1 0 1 1 1 0 0 0
"155" 0 0 0 1 0 1 1 0 0 0 0 0 0 0 1 0 0 0 0 0 1 0 1 0 1 1 0 0 0 0
"156" 1 1 0 1 0 1 1 0 0 1 0 1 1 1 1 0 1 1 0 0 0 1 0 0 1 1 1 0 0 1
"157" 1 1 0 1 1 1 1 1 1 1 1 1 1 1 1 1 0 1 1 0 1 1 0 0 1 1 1 0 0 1
"158" 0 1 0 1 0 1 1 0 0 0 0 0 0 0 1 0 0 0 0 0 0 1 1 0 1 1 0 0 0 1
"159" 0 0 0 1 1 1 1 1 0 0 0 1 1 1 1 0 0 1 1 0 1 1 1 0 1 0 0 0 1 0
"160" 0 1 0 1 0 1 1 0 0 1 0 1 1 1 1 0 0 1 0 0 1 0 1 0 1 1 0 0 0 1
"161" 0 1 0 1 1 1 1 0 0 1 0 1 1 1 1 1 1 0 1 0 1 1 1 0 1 0 1 0 0 1
"162" 1 1 1 1 1 1 1 1 0 1 0 1 0 1 1 0 0 1 1 0 1 1 1 0 1 1 1 0 0 1
"163" 0 0 0 0 1 1 1 0 1 0 0 1 0 1 1 1 0 0 0 0 0 0 1 0 1 1 1 0 0 1
"164" 0 0 0 1 1 1 1 0 1 1 0 1 0 0 1 0 0 0 1 0 0 1 1 0 1 1 1 0 0 1
"165" 0 1 0 1 1 1 1 0 1 1 1 0 1 1 1 0 1 0 0 0 0 0 1 0 1 0 1 0 0 1
"166" 0 1 0 1 0 1 1 0 0 0 1 1 0 0 1 1 0 1 0 0 0 0 1 0 1 0 1 0 0 1
"167" 1 1 0 1 1 1 1 1 1 0 0 1 0 1 1 1 0 1 1 0 0 1 1 0 1 0 1 0 0 1
"168" 1 1 0 1 0 1 1 1 0 1 0 1 1 1 1 1 0 1 1 1 1 1 1 1 1 1 1 0 0 1
"169" 1 0 0 1 0 1 1 0 1 0 0 1 0 0 0 1 1 1 0 0 1 1 1 1 1 1 1 0 0 1
"170" 1 0 0 1 0 1 1 0 0 1 0 1 0 0 1 0 0 1 1 0 0 1 1 0 1 1 0 0 0 1
"171" 1 1 0 1 1 1 1 0 0 1 1 1 1 1 1 0 1 1 1 0 0 1 1 1 1 1 1 0 1 1
"172" 0 1 1 1 1 1 1 0 1 1 0 1 1 1 1 1 1 1 1 0 1 1 1 1 1 1 1 0 1 1
"173" 1 1 0 1 1 1 1 0 1 1 1 1 0 1 1 0 0 1 0 0 1 1 1 0 1 1 1 0 1 0
"174" 0 0 0 0 0 1 1 0 1 1 0 1 1 1 1 0 1 0 0 0 1 1 1 1 1 1 1 0 0 1
"175" 1 0 0 1 0 1 1 0 0 0 0 1 0 1 1 1 0 1 0 0 0 0 1 0 1 0 1 0 0 1
"176" 0 0 0 1 0 1 1 0 0 1 0 0 0 0 1 0 0 0 0 0 0 1 1 0 1 1 0 0 0 0
"177" 0 0 0 1 0 1 1 0 0 0 0 1 0 0 1 0 0 0 0 0 0 0 0 0 1 1 0 0 0 1
"178" 0 0 0 1 1 1 1 1 1 1 0 1 0 1 1 0 0 1 0 0 1 1 1 0 1 0 0 0 0 1
"179" 0 1 1 1 0 1 1 1 0 1 0 0 0 0 1 0 0 0 0 0 0 1 1 0 1 0 0 0 1 1
"180" 1 1 0 1 0 1 1 0 1 1 0 1 1 1 1 1 1 1 0 0 0 1 1 0 1 1 1 0 0 1
"181" 0 0 0 1 1 1 1 0 0 0 0 1 0 1 1 0 0 0 0 0 0 1 0 0 1 0 0 0 0 0
"182" 0 0 0 1 0 1 1 0 0 0 0 1 0 1 1 0 0 0 0 0 0 1 1 0 0 1 1 0 0 0
"183" 0 0 0 1 1 1 1 0 0 1 0 0 1 0 1 0 0 0 1 0 0 0 1 1 1 1 1 0 0 0
"184" 0 0 0 1 1 1 1 0 1 1 0 1 1 1 1 0 0 1 0 0 0 1 1 0 1 1 0 0 0 0
"185" 1 1 0 1 0 1 1 0 0 1 0 1 0 1 1 1 1 1 1 0 1 1 1 1 1 1 1 0 0 0
"186" 1 1 1 1 1 1 1 1 1 1 1 1 1 1 1 0 0 1 0 0 0 1 1 0 1 0 1 0 0 1
"187" 0 0 0 1 0 1 1 0 0 0 0 1 0 0 1 0 0 0 0 0 0 0 0 0 1 0 0 0 0 0
"188" 0 0 0 1 0 1 1 0 0 0 0 1 0 0 1 0 0 1 0 0 0 1 1 0 1 1 1 0 0 0
"189" 1 0 0 1 1 1 1 1 1 1 0 1 0 1 1 0 0 0 0 1 0 1 1 0 1 1 0 0 0 1
"190" 1 1 1 1 1 1 1 1 1 1 1 1 1 1 1 1 1 1 1 0 1 1 0 1 1 1 1 0 0 1
"191" 0 0 0 1 0 1 1 0 0 0 0 1 0 1 1 0 0 1 0 0 0 1 1 1 1 0 0 0 0 1
"192" 1 1 0 1 1 1 1 0 1 0 1 1 0 0 1 0 0 0 0 0 0 1 1 0 1 1 1 0 0 0
"193" 1 0 0 1 0 1 1 1 1 1 0 1 1 1 1 0 1 1 0 0 0 0 1 0 1 1 1 0 0 0
"194" 1 1 0 1 0 1 1 0 0 1 0 1 0 1 1 0 0 1 0 0 0 0 1 1 1 1 1 0 0 1
"195" 0 0 1 1 1 1 1 0 0 1 0 1 0 1 1 1 1 1 1 0 0 1 1 1 1 1 1 0 0 1
"196" 1 0 0 1 1 1 1 0 1 0 0 1 0 1 1 0 1 1 1 0 1 0 0 1 0 0 0 0 0 0
"197" 1 1 0 1 0 1 1 0 1 1 0 1 1 1 1 1 1 0 1 0 0 1 1 1 0 1 0 0 0 0
"198" 1 1 0 1 0 1 1 0 1 0 0 1 0 1 1 0 0 0 0 0 1 0 0 0 1 0 0 0 0 0
"199" 0 0 0 1 0 1 1 0 0 1 0 0 0 0 0 0 0 0 0 0 0 1 1 0 1 1 1 0 0 0
"200" 0 1 0 1 1 1 1 0 1 1 1 1 1 0 1 1 0 1 1 0 0 1 1 1 1 1 1 0 0 0
"201" 1 1 0 1 1 1 1 0 1 0 1 1 0 1 1 1 0 1 0 0 1 1 1 1 1 1 1 0 1 1
"202" 0 0 0 1 1 1 1 1 0 1 1 1 0 1 1 1 0 1 0 0 0 1 1 1 1 1 1 0 1 1
"203" 0 1 0 1 1 1 1 0 0 1 1 1 0 0 1 0 0 0 0 0 0 1 1 0 1 1 1 0 0 1
"204" 0 1 0 1 0 1 1 0 1 1 0 1 0 1 1 0 0 1 0 0 0 1 1 0 1 1 1 0 1 1
"205" 0 1 0 1 0 1 1 1 0 0 0 1 1 0 1 1 1 1 1 0 0 1 1 1 1 1 0 0 1 0
"206" 1 1 0 1 1 1 1 1 0 1 1 1 0 1 1 1 1 1 0 0 1 1 1 1 1 1 1 0 1 1
"207" 0 1 0 1 1 1 1 0 0 0 0 1 1 1 1 1 0 0 0 0 0 0 1 0 1 1 1 0 1 0
"208" 1 1 0 1 1 1 1 0 1 1 1 1 0 1 1 1 0 1 0 0 0 1 1 1 1 1 0 0 0 1
"209" 1 1 1 1 1 1 1 0 1 1 1 1 0 1 1 0 0 1 0 0 0 0 1 1 1 1 0 0 0 1
"210" 1 1 0 1 0 1 1 0 1 1 1 1 1 1 1 0 0 0 0 0 0 0 1 0 0 1 1 0 0 0
"211" 1 0 0 1 1 1 1 1 1 1 0 1 1 1 1 1 1 1 1 1 1 1 1 1 1 1 1 0 1 1
"212" 0 1 0 1 1 0 1 0 1 0 0 1 0 0 1 0 1 1 0 0 0 0 1 1 1 0 1 0 0 1
"213" 0 1 0 1 0 1 1 0 1 1 1 0 0 1 1 0 0 1 0 1 1 1 1 0 1 1 1 0 0 1
"214" 0 1 0 1 1 1 1 0 1 1 0 1 0 1 1 0 0 0 1 0 1 1 1 1 1 1 1 0 1 0
"215" 1 1 0 1 0 1 1 0 1 0 0 1 0 0 1 0 1 1 0 0 1 1 1 0 1 1 1 0 0 1
"216" 1 0 0 1 1 1 1 0 1 0 0 1 0 1 1 1 0 0 1 0 0 1 1 0 1 1 0 0 0 1
"217" 0 0 0 1 1 1 1 1 0 1 1 1 1 1 1 1 0 1 0 0 1 1 1 0 1 1 1 0 1 1
"218" 0 1 0 1 1 1 1 0 1 0 0 1 1 0 1 0 0 1 1 0 1 1 1 1 1 1 1 0 0 0
"219" 1 1 0 1 0 1 1 0 1 1 0 0 0 0 1 1 0 0 0 0 1 1 1 0 1 1 1 0 0 1
"220" 1 1 0 1 1 1 1 0 1 1 0 1 0 1 1 0 1 1 0 1 1 1 1 0 1 0 0 0 0 0
"221" 0 1 0 1 1 1 1 0 0 0 0 1 0 1 1 0 0 1 0 0 0 0 1 0 1 0 0 0 0 1
"222" 1 1 0 1 1 1 1 0 0 1 0 1 0 1 1 0 1 0 0 0 1 1 1 1 1 0 1 0 0 0
"223" 0 1 0 1 0 1 1 0 1 1 1 1 1 1 1 1 1 1 1 0 0 1 1 1 1 1 1 0 1 1
"224" 0 1 0 1 0 1 1 0 0 0 0 1 1 0 1 0 0 0 0 0 1 1 0 0 1 1 1 0 0 1
"225" 1 0 0 1 0 1 1 0 0 0 0 1 1 0 1 1 1 1 1 0 0 0 0 0 1 1 1 0 0 0
"226" 0 1 0 1 0 1 1 1 1 1 0 1 1 0 1 0 0 1 0 0 1 1 0 0 1 0 0 0 1 0
"227" 1 1 0 1 0 1 1 1 0 1 0 0 0 1 1 0 0 1 0 0 1 0 1 0 1 0 0 0 0 0
"228" 1 1 0 1 1 1 1 1 1 1 0 1 0 1 1 1 0 1 0 0 1 1 1 0 1 1 1 0 1 1
"229" 1 1 0 1 1 1 1 0 0 1 1 0 0 1 1 0 0 0 0 0 0 1 1 0 1 1 1 0 0 0
"230" 0 0 1 1 1 1 1 0 0 1 0 1 0 1 1 0 1 1 1 0 1 0 1 1 1 1 1 0 0 0
"231" 0 1 0 1 1 1 1 0 1 0 0 1 1 0 1 0 0 0 1 0 1 1 1 0 1 1 1 0 0 0
"232" 0 0 0 1 1 1 1 0 1 1 0 1 1 1 1 1 1 1 0 0 1 1 1 1 1 1 1 0 1 1
"233" 1 1 1 1 1 1 1 1 0 1 1 1 1 1 1 0 0 0 0 0 0 1 1 1 1 1 1 0 0 1
"234" 0 0 0 1 1 1 1 0 0 1 1 1 1 1 1 1 1 1 1 0 1 1 1 1 1 1 1 0 1 1
"235" 1 1 1 1 1 1 1 0 1 0 0 1 0 1 1 0 1 1 0 0 0 1 1 0 1 1 1 0 0 1
"236" 1 1 0 1 1 1 1 0 1 0 0 1 0 0 1 0 0 1 1 0 0 0 1 1 1 1 1 0 0 0
"237" 0 0 0 1 1 1 1 0 1 0 0 1 0 1 1 0 1 1 0 0 0 0 1 0 1 1 1 0 0 1
"238" 0 1 0 1 0 1 1 0 1 1 1 1 0 0 1 0 0 0 0 0 0 0 1 0 1 0 1 0 0 0
"239" 1 1 0 1 1 1 1 0 0 1 0 1 1 0 1 0 1 1 1 0 1 1 1 1 1 1 1 0 0 0
"240" 0 1 0 1 0 1 1 0 0 1 1 1 1 1 1 1 0 1 0 0 0 0 1 1 1 0 1 0 0 0
"241" 1 0 0 1 0 1 1 0 1 1 0 1 0 1 1 1 0 1 0 0 1 1 1 1 1 1 1 0 0 1
"242" 1 0 1 1 1 1 0 0 1 1 0 1 1 1 1 1 0 1 1 0 1 1 1 1 1 0 0 0 1 1
"243" 0 0 0 1 0 1 1 0 0 1 0 1 0 0 1 0 0 0 0 0 1 1 1 0 1 1 1 0 0 0
"244" 0 0 0 1 0 1 1 0 0 1 0 1 1 0 1 0 0 0 0 0 0 1 0 0 1 1 0 0 0 0
"245" 0 1 0 1 1 1 1 0 0 1 0 1 1 0 0 0 0 1 1 0 1 1 1 1 1 1 1 0 0 0
"246" 1 1 0 1 1 1 1 0 0 1 0 1 0 0 1 0 1 1 0 0 1 1 1 0 1 0 1 0 1 1
"247" 0 0 0 1 1 1 1 0 1 0 0 1 0 1 1 0 0 0 1 0 0 1 1 0 1 0 0 0 0 0
"248" 1 0 0 1 1 1 1 0 1 1 0 1 0 1 1 0 0 1 1 0 0 1 1 1 1 1 1 0 1 0
"249" 0 1 0 1 0 1 1 0 0 1 1 1 0 1 1 1 1 1 0 0 1 1 1 1 1 1 1 0 0 0
"250" 0 0 0 1 0 1 1 0 0 0 0 0 0 0 1 0 0 1 0 0 1 1 1 0 1 1 0 0 0 0
"251" 1 1 1 1 1 1 1 1 0 1 0 1 1 1 1 1 1 1 1 0 0 1 0 1 1 1 0 0 0 1
"252" 0 1 0 1 1 1 1 0 0 0 0 0 1 1 1 0 0 1 0 0 0 1 1 1 1 0 0 0 0 0
"253" 0 0 0 1 0 1 1 1 0 1 0 1 0 1 1 0 1 0 1 0 0 0 0 0 1 1 1 0 1 1
"254" 1 1 0 1 0 1 1 0 0 0 0 1 0 1 1 0 0 0 0 0 0 1 1 0 1 1 1 0 0 1
"255" 0 1 0 1 1 1 1 1 1 0 0 1 1 1 1 1 1 1 1 1 1 1 1 0 1 1 1 0 0 1
"256" 0 1 0 1 1 1 1 0 1 1 0 0 0 1 1 0 0 0 1 0 1 1 1 0 1 1 0 0 0 1
"257" 0 1 0 1 0 1 1 0 1 0 0 1 0 0 1 0 0 0 0 0 0 0 0 0 1 1 0 0 0 0
"258" 0 1 0 1 0 1 0 0 1 1 1 0 0 0 1 0 1 1 0 0 1 1 1 1 1 1 1 0 0 1
"259" 0 1 0 1 0 1 1 0 0 1 0 1 0 0 1 0 0 0 1 0 1 0 1 1 1 1 1 0 0 1
"260" 0 1 0 1 0 1 1 0 0 0 0 1 1 0 1 0 0 0 0 0 1 1 0 0 1 1 0 0 0 0
"261" 0 1 0 1 1 1 1 0 1 1 0 0 1 1 1 0 0 0 0 0 0 1 1 0 1 1 0 0 0 1
"262" 0 1 0 1 1 1 1 0 1 1 0 1 1 1 1 1 1 1 1 0 0 1 1 1 1 1 1 0 1 1
"263" 0 1 0 1 1 1 1 0 1 0 0 1 1 1 1 0 0 1 0 0 0 0 1 1 1 1 0 0 0 1
"264" 0 1 0 1 0 1 0 0 1 0 0 1 0 1 1 1 0 0 0 1 0 1 1 1 1 1 1 0 0 1
"265" 1 0 0 1 0 1 1 0 0 1 0 0 0 0 1 0 0 1 1 0 0 0 0 0 1 1 0 0 0 0
"266" 0 0 0 1 0 1 1 0 0 1 0 0 1 0 1 0 0 0 0 0 0 0 0 0 1 1 1 0 0 0
"267" 0 1 0 1 1 1 1 0 0 1 0 1 0 1 1 0 0 1 0 0 0 1 0 0 1 0 1 0 0 0
"268" 0 0 0 1 0 1 1 1 0 1 1 1 1 0 1 0 0 0 0 0 0 0 1 1 1 1 0 0 0 0
"269" 1 1 1 1 1 1 1 0 0 0 1 1 1 1 0 0 0 1 0 0 0 1 1 0 1 1 0 1 0 0
"270" 0 0 0 1 0 1 1 0 1 0 0 1 1 1 1 1 1 1 0 0 0 1 0 0 1 1 0 0 1 0
"271" 0 1 0 0 0 1 1 1 0 1 0 1 0 0 1 0 0 0 0 0 0 1 1 0 1 0 1 0 0 0
"272" 0 1 0 1 1 1 1 0 1 1 1 1 0 1 1 0 0 0 1 0 0 1 1 0 1 1 0 0 0 1
"273" 0 0 0 1 0 1 1 1 1 0 0 1 1 0 0 0 0 0 0 0 0 1 1 0 1 1 1 0 1 1
"274" 0 0 0 1 0 1 1 1 0 1 0 1 0 1 1 1 1 0 0 0 1 1 1 0 1 1 1 0 1 0
"275" 0 1 1 1 0 1 1 0 0 0 0 0 0 1 1 0 1 1 1 0 1 1 1 1 1 1 1 0 0 1
"276" 0 1 0 1 1 1 1 0 0 0 0 1 0 1 1 0 0 1 0 0 1 1 1 0 1 1 0 0 0 1
"277" 0 1 0 1 0 1 1 1 1 1 0 1 1 1 1 1 0 1 0 0 0 1 1 1 1 1 0 0 0 0
"278" 0 1 0 1 0 1 1 0 0 1 0 0 0 1 1 0 0 0 0 0 1 0 1 0 1 1 1 0 1 1
"279" 0 0 1 1 0 1 1 0 1 0 1 1 0 0 1 0 1 1 0 0 0 1 1 0 1 1 1 0 0 0
"280" 0 1 0 1 0 1 1 1 0 1 0 1 0 1 0 0 0 0 1 0 0 1 1 0 1 0 1 0 0 1
"281" 0 1 0 1 0 1 1 0 1 0 0 1 0 1 1 0 1 1 0 0 0 0 1 0 1 1 1 0 0 0
"282" 0 1 1 1 1 1 1 0 1 1 0 1 0 1 1 0 0 0 0 0 0 1 1 0 1 1 0 0 0 1
"283" 1 0 0 1 0 1 1 0 1 0 1 1 1 0 1 0 0 1 0 0 0 0 0 0 1 1 0 0 1 1
"284" 0 1 0 1 0 1 1 0 0 0 0 1 0 1 1 0 0 0 0 0 1 0 1 0 1 1 1 0 0 0
"285" 0 0 0 1 0 1 1 0 1 1 0 0 0 1 1 0 1 1 1 0 1 1 1 0 1 0 1 0 0 0
"286" 1 1 1 1 1 1 1 1 1 1 1 1 0 1 1 0 0 1 0 1 1 1 1 1 1 1 1 0 0 1
"287" 0 0 1 1 1 1 1 0 1 1 0 1 1 0 1 1 0 0 0 0 0 1 1 0 1 0 1 0 0 0
"288" 0 0 0 1 0 1 1 0 0 1 0 1 0 1 0 0 0 1 0 0 0 1 1 1 1 0 1 0 0 0
"289" 0 1 1 1 1 1 1 0 0 0 0 1 1 0 0 0 0 0 0 0 0 1 0 0 1 1 1 0 0 0
"290" 1 0 0 1 1 1 1 0 0 0 0 1 0 1 0 0 0 0 1 0 1 1 1 0 1 1 1 0 0 1
"291" 1 0 1 1 1 1 1 1 1 1 1 1 0 1 1 0 1 1 1 0 1 1 1 1 1 1 1 0 1 1
"292" 0 0 0 1 0 1 1 0 1 0 1 1 1 1 1 0 1 1 0 0 0 1 1 0 1 1 1 0 1 1
"293" 0 0 0 1 1 1 1 1 1 1 0 1 1 1 1 0 0 0 0 0 0 0 0 0 1 1 0 0 0 0
"294" 1 1 0 1 1 1 1 0 1 1 0 1 1 1 1 0 1 0 0 0 1 1 1 0 1 1 0 0 0 0
"295" 0 1 0 1 1 1 1 0 0 0 0 0 0 0 0 0 0 0 1 1 0 1 1 0 1 0 1 0 1 0
"296" 0 1 1 1 1 1 1 1 1 1 1 1 0 1 1 0 0 0 0 0 1 0 0 0 1 1 1 0 0 1
"297" 1 0 0 1 1 1 1 0 1 0 0 1 0 0 1 1 0 0 1 0 0 1 1 0 1 1 0 0 0 1
"298" 1 1 0 1 0 1 1 0 1 0 0 1 1 1 1 0 0 0 0 0 0 1 1 0 1 1 1 0 0 0
"299" 1 1 1 1 1 1 1 0 1 0 0 1 0 1 1 0 0 0 1 0 1 1 1 0 1 1 1 0 1 0
"300" 0 0 0 1 1 1 1 0 0 1 0 1 1 1 1 1 1 1 1 0 1 1 1 0 1 1 1 0 0 1
"301" 1 1 1 1 0 1 1 1 1 1 1 1 1 1 1 1 0 1 1 1 0 1 1 1 1 1 1 0 1 0
"302" 1 1 0 1 1 1 1 1 0 1 0 1 0 1 1 1 0 1 0 0 1 0 1 0 1 1 1 0 0 1
"303" 0 1 0 1 1 1 1 0 1 1 0 1 0 1 1 0 1 0 0 0 1 1 1 1 1 1 1 0 0 1
"304" 0 0 0 1 0 1 0 0 1 0 0 1 0 1 1 0 1 1 0 0 0 1 1 1 1 1 1 0 0 1
"305" 1 0 0 1 0 1 1 0 0 0 0 1 0 1 1 0 0 1 0 0 1 1 1 0 1 1 1 0 1 1
"306" 0 0 0 1 0 1 1 0 0 0 0 1 0 0 1 0 1 1 1 0 0 1 1 0 1 1 1 0 0 0
"307" 1 0 0 1 0 1 1 0 1 1 1 1 1 1 1 1 1 0 1 0 1 0 1 1 1 1 0 0 0 1
"308" 0 0 0 1 1 1 1 0 1 0 0 1 0 0 1 0 0 0 0 0 0 1 0 0 1 1 1 0 0 1
"309" 1 1 0 1 1 1 1 0 1 1 0 1 1 1 1 0 0 1 1 0 0 0 1 1 1 1 1 0 0 1
"310" 1 0 1 1 1 1 1 0 1 0 0 1 0 1 1 0 0 1 0 0 0 0 1 0 1 1 0 0 0 0
"311" 0 1 0 1 1 1 1 0 1 1 0 1 1 1 1 0 0 1 1 0 1 1 1 0 0 1 1 0 0 0
"312" 1 0 0 1 1 1 1 0 1 1 0 1 1 0 1 0 0 0 0 0 0 1 1 1 1 1 1 0 0 1
"313" 1 1 0 1 1 1 1 0 0 1 0 1 1 1 1 1 1 1 1 0 1 1 1 0 1 0 1 0 0 1
"314" 0 1 0 1 1 1 1 0 1 1 0 1 0 1 1 1 0 0 0 0 0 1 1 1 1 0 1 0 0 1
"315" 0 1 0 1 0 1 1 0 0 1 0 0 0 1 1 1 0 1 0 0 0 1 1 0 1 0 0 0 0 0
"316" 1 1 0 1 1 1 1 0 1 0 1 1 1 0 1 1 0 0 0 0 1 1 1 1 1 0 0 0 0 0
"317" 1 0 0 1 1 1 1 0 0 1 1 1 1 1 0 0 1 1 0 0 1 1 1 1 1 1 1 0 0 0
"318" 0 1 0 1 0 1 1 0 0 0 0 1 1 0 1 0 0 1 1 0 1 1 1 1 1 1 1 0 1 1
"319" 0 1 0 1 1 1 1 1 1 1 0 1 1 1 1 0 1 1 1 0 1 1 1 0 1 1 1 0 1 1
"320" 1 1 0 1 0 1 1 0 1 0 0 1 1 1 1 0 0 0 0 0 0 1 1 0 1 1 1 0 0 1
"321" 1 0 0 1 1 1 1 0 1 1 0 1 0 0 1 1 0 1 0 0 0 1 1 1 1 1 1 0 0 1
"322" 1 0 0 1 0 1 1 0 1 1 0 1 0 1 1 0 0 1 1 0 0 0 0 0 1 1 1 0 0 1
"323" 1 1 0 1 1 1 1 0 1 1 0 1 0 1 1 1 0 0 0 0 0 0 1 0 1 1 1 0 0 0
"324" 1 0 0 1 0 1 0 0 0 0 0 0 0 1 1 0 0 1 0 0 0 1 1 0 1 1 1 0 0 0
"325" 1 0 1 1 0 1 1 0 0 1 0 1 0 0 1 0 0 0 0 0 1 1 1 0 1 0 0 0 0 1
"326" 0 0 0 1 0 1 1 0 1 0 0 1 0 0 1 0 0 1 0 0 1 1 0 0 1 1 1 0 1 1
"327" 0 1 0 1 0 1 1 1 0 1 0 1 0 0 1 0 0 0 0 0 0 0 0 0 1 0 0 0 0 0
"328" 0 1 0 1 0 1 1 0 1 1 0 1 1 1 1 0 0 0 0 0 0 0 1 0 1 1 1 0 0 0
"329" 1 1 1 1 1 1 1 1 1 1 0 1 1 1 1 1 0 1 0 0 1 1 1 1 1 1 1 0 0 1
"330" 1 0 0 1 1 1 1 0 1 0 0 1 1 1 1 1 1 1 1 0 1 1 1 0 0 1 1 0 0 1
"331" 1 1 0 1 1 1 1 0 1 1 0 1 1 1 1 0 0 0 1 0 1 0 1 1 1 1 1 0 0 1
"332" 0 1 0 1 0 1 1 0 1 0 0 1 1 0 1 0 0 0 0 0 1 1 0 1 1 0 1 0 0 0
"333" 0 1 0 1 0 1 1 0 0 1 0 1 1 1 1 0 0 1 0 0 1 1 1 1 1 1 1 0 1 1
"334" 1 1 0 0 0 1 1 0 0 1 0 1 1 1 1 0 0 0 0 0 0 0 1 0 1 0 0 0 0 0
"335" 1 1 0 1 1 1 1 1 0 1 0 1 1 0 1 1 0 0 0 0 1 1 1 1 1 1 1 0 1 1
"336" 0 0 0 1 1 1 1 1 1 1 0 1 1 1 1 0 0 1 0 0 0 1 1 0 1 1 1 0 0 1
"337" 1 1 0 1 0 1 1 1 0 1 0 1 0 1 1 0 1 1 0 0 0 1 1 1 1 1 1 0 0 0
"338" 0 0 0 1 0 1 1 0 1 1 0 1 0 0 0 0 0 0 0 0 0 1 1 0 1 1 1 0 0 1
"339" 1 1 0 1 1 1 1 0 1 1 0 0 1 1 1 0 1 1 1 1 1 1 1 1 1 1 1 0 1 1
"340" 0 1 0 1 0 1 1 0 0 1 0 1 1 0 1 0 0 0 0 0 1 1 0 1 1 1 1 0 0 0
"341" 0 0 0 1 0 1 1 0 1 1 0 1 0 1 1 0 0 0 1 0 0 1 1 0 1 0 1 0 1 0
"342" 1 1 0 1 1 1 1 1 1 1 1 1 1 1 1 1 0 1 0 0 1 0 1 0 1 1 1 0 0 0
"343" 0 1 1 1 0 1 1 0 0 0 1 1 1 1 1 0 1 1 0 0 0 1 1 0 1 0 0 0 0 1
"344" 1 0 0 1 1 1 1 0 1 1 0 1 0 1 1 1 1 1 0 0 0 1 1 0 1 1 0 0 1 1
"345" 0 0 0 1 1 1 1 1 0 0 0 1 0 0 1 1 1 0 1 0 1 1 1 0 1 0 0 0 0 0
"346" 1 1 0 1 1 1 1 1 1 1 0 1 1 1 1 0 1 1 0 0 0 1 1 1 1 1 1 0 1 0
"347" 0 1 0 1 1 1 1 0 0 0 1 1 1 1 1 0 0 1 0 0 1 1 1 1 1 1 1 0 1 0
"348" 0 1 0 1 1 1 1 0 1 0 0 1 1 1 0 0 0 0 0 0 0 0 0 0 1 1 0 0 0 1
"349" 1 0 0 1 1 1 1 0 1 1 0 1 1 1 1 0 0 1 0 0 0 1 1 0 0 1 1 0 0 1
"350" 0 0 0 1 0 1 1 0 0 1 0 0 0 1 1 0 0 0 0 0 0 0 1 0 1 0 0 0 0 0
"351" 1 1 0 1 1 1 1 0 1 1 0 1 1 1 1 1 1 0 1 0 1 1 1 0 1 1 1 0 0 1
"352" 0 1 0 1 0 1 1 0 1 1 0 1 1 1 1 1 0 0 1 1 1 1 1 0 1 0 1 0 1 1
"353" 0 1 0 1 0 1 1 0 0 1 0 1 0 1 1 1 1 1 0 0 1 0 1 0 1 1 1 0 0 1
"354" 1 1 0 1 1 1 1 0 1 0 0 1 0 1 1 0 1 1 1 0 0 1 1 0 1 1 1 0 0 1
"355" 1 1 0 1 1 1 1 0 1 0 0 1 1 0 1 0 0 1 0 0 1 1 1 1 1 1 1 0 1 1
"356" 0 0 0 1 0 1 1 0 0 0 0 1 1 0 1 1 0 0 0 0 0 1 1 0 1 0 0 0 0 1
"357" 0 0 0 1 0 1 1 0 1 1 0 0 1 0 1 0 0 1 0 0 1 1 1 0 1 0 0 0 0 1
"358" 0 0 0 1 0 1 1 0 1 1 1 1 1 1 1 1 0 0 0 0 1 1 1 0 1 1 1 0 0 0
"359" 0 1 1 1 1 1 1 1 1 1 0 1 0 1 1 1 1 0 0 0 1 1 1 0 1 1 1 0 1 0
"360" 0 1 0 1 0 1 1 0 1 1 0 1 0 1 1 1 0 1 1 0 1 1 1 0 1 0 1 0 0 0
"361" 0 1 1 1 1 1 1 0 0 1 1 1 1 1 1 0 0 1 0 0 0 1 0 0 1 1 1 0 0 1
"362" 1 1 0 1 1 1 1 0 1 1 0 1 0 1 1 0 1 1 0 0 1 1 1 0 1 1 1 0 1 0
"363" 1 0 0 1 0 1 1 0 0 1 1 1 0 1 1 1 0 0 1 0 1 1 1 1 1 1 1 0 0 1
"364" 1 1 0 1 0 1 1 0 0 1 1 1 1 1 1 0 0 0 1 0 0 0 0 1 1 1 1 0 0 1
"365" 0 1 1 1 1 1 1 0 1 1 0 1 0 1 0 0 0 0 0 0 0 1 1 0 1 1 1 0 0 1
"366" 0 1 0 1 1 1 1 0 1 1 0 1 0 1 1 0 0 0 1 0 1 1 1 1 1 1 1 0 0 0
"367" 0 1 1 1 1 1 1 0 1 1 1 1 1 1 1 1 0 1 1 0 1 0 1 0 1 1 1 0 0 0
"368" 1 1 0 1 1 1 1 0 1 1 1 1 1 1 1 0 0 1 0 0 0 1 1 1 1 1 1 0 1 1
"369" 1 1 1 1 0 1 1 0 1 1 1 1 0 1 1 1 0 1 0 1 1 1 1 1 1 1 1 0 1 1
"370" 0 1 0 1 1 1 1 0 1 1 1 0 1 1 1 0 1 0 1 0 0 1 1 0 1 1 1 0 0 1
"371" 0 1 0 1 1 1 1 0 0 1 0 1 0 1 1 0 1 1 0 0 1 1 1 1 1 1 0 0 0 1
"372" 1 1 0 0 1 1 1 0 1 1 0 1 1 1 1 0 1 1 1 0 0 1 1 0 1 1 1 0 1 1
"373" 0 0 0 1 0 1 1 0 0 0 0 1 0 1 1 1 0 1 1 0 1 1 1 1 1 0 0 0 0 1
"374" 0 1 0 1 1 1 1 0 1 1 0 1 0 0 1 1 1 1 0 0 0 1 1 1 1 1 1 0 1 1
"375" 0 0 0 1 0 1 1 0 1 0 0 1 1 0 0 0 0 1 0 0 0 1 1 1 1 0 0 0 0 0
"376" 1 1 1 1 1 1 1 0 1 1 1 1 1 1 1 0 0 1 0 0 0 0 1 1 1 1 1 0 0 1
"377" 1 1 0 1 1 1 1 1 1 1 0 1 1 1 1 1 0 1 1 0 0 1 1 0 1 1 1 0 0 1
"378" 0 0 1 1 0 1 1 0 0 1 0 1 1 1 1 0 0 0 0 0 1 1 1 0 1 1 1 0 0 1
"379" 1 1 0 1 1 1 1 1 0 1 0 1 0 1 1 1 0 0 1 0 0 0 1 1 1 0 1 0 0 1
"380" 0 1 0 1 0 1 1 1 1 1 1 1 0 1 1 0 1 0 0 0 0 1 1 1 1 1 0 0 1 1
"381" 1 1 1 1 0 1 1 1 1 1 1 1 1 1 1 0 1 1 0 1 1 1 1 1 1 1 1 0 1 1
"382" 0 1 1 1 0 1 1 0 1 1 1 1 0 1 1 1 1 1 0 1 1 1 1 1 1 1 1 0 1 1
"383" 1 0 0 1 0 1 1 1 1 0 1 1 1 0 1 1 1 1 0 0 1 1 0 0 1 1 1 0 1 1
"384" 0 1 1 1 0 1 1 0 0 1 0 1 0 0 1 0 0 1 0 0 0 0 1 1 1 1 0 0 0 0
"385" 0 1 1 1 1 1 1 1 0 0 0 1 0 1 1 0 0 0 0 0 0 1 1 0 1 1 0 0 0 1
"386" 0 0 0 1 0 1 1 0 0 1 0 1 1 1 1 0 0 0 0 0 0 1 1 0 0 0 0 0 1 0
"387" 0 0 0 1 0 1 1 1 1 1 0 1 0 1 1 0 0 1 1 0 0 1 1 0 1 1 0 0 0 0
"388" 1 0 0 1 1 1 1 0 0 1 1 1 0 1 1 1 1 0 0 0 0 1 1 0 1 1 1 0 0 1
"389" 0 0 1 1 1 1 1 0 1 1 0 1 0 0 1 0 1 1 0 0 0 1 1 1 1 1 1 0 1 1
"390" 0 1 1 1 0 1 1 0 1 1 0 1 1 0 1 1 1 1 1 0 1 1 1 1 1 1 0 0 1 1
"391" 0 1 0 1 0 1 1 0 0 0 1 1 1 1 1 1 0 0 1 0 1 1 1 0 1 1 1 0 1 1
"392" 1 1 0 1 0 1 1 1 1 1 1 0 1 1 1 0 0 1 0 0 1 1 1 1 1 1 1 0 1 1
"393" 0 1 0 1 1 1 1 0 0 0 0 1 1 1 1 0 1 0 0 0 0 1 1 1 1 1 1 0 0 0
"394" 0 1 0 1 0 1 1 0 0 0 0 1 0 1 1 0 0 1 0 0 1 0 0 0 1 1 1 0 0 1
"395" 1 1 1 1 0 1 1 1 1 1 0 1 1 1 1 0 1 1 0 0 1 1 1 1 1 1 1 0 1 1
"396" 0 0 0 1 1 1 1 0 1 1 0 1 0 1 1 0 0 0 0 0 0 1 1 0 1 1 0 0 0 1
"397" 1 1 1 1 1 1 1 0 1 1 0 1 1 1 1 1 1 1 1 0 0 1 1 1 1 1 1 0 1 0
"398" 0 1 0 1 1 1 1 1 0 1 0 1 0 1 1 0 0 1 1 0 1 1 1 1 1 0 1 0 1 1
"399" 0 1 0 1 1 1 1 0 0 1 0 1 1 0 1 1 1 0 0 0 1 1 1 1 1 1 1 0 1 1
"400" 0 0 0 1 0 1 1 0 0 0 0 1 0 1 1 0 0 1 0 0 0 0 1 0 1 1 1 0 0 0
"401" 1 1 1 1 1 1 1 1 1 1 1 1 1 1 1 1 0 1 1 0 1 1 1 1 1 1 1 0 0 1
"402" 1 1 1 1 0 1 1 1 1 1 1 1 1 1 1 1 0 1 0 0 0 1 1 0 1 1 1 0 1 1
"403" 0 1 0 1 1 1 1 0 0 0 0 0 1 0 1 0 1 0 1 0 0 1 1 1 1 1 0 0 0 0
"404" 0 0 0 1 0 1 1 0 0 0 0 1 0 0 0 0 0 0 0 0 0 0 0 0 1 0 1 0 0 0
"405" 0 1 0 1 1 1 1 0 0 1 0 1 1 1 0 0 1 1 1 0 1 1 1 1 1 1 1 0 0 0
"406" 0 0 0 1 0 1 1 0 0 1 0 1 0 1 1 1 0 0 1 0 0 0 0 1 1 1 1 0 0 0
"407" 1 1 0 1 0 1 1 0 1 1 0 1 1 1 1 1 0 0 0 1 1 1 1 1 1 1 1 0 0 1
"408" 0 0 0 1 1 1 1 0 1 0 0 0 0 1 1 1 0 0 0 0 0 1 1 0 1 1 1 0 0 0
"409" 0 1 0 1 0 1 1 0 1 0 0 1 0 1 1 0 1 0 0 0 0 0 0 0 1 1 0 0 0 0
"410" 0 0 0 1 1 1 1 0 1 1 0 1 0 0 1 1 0 1 0 0 0 1 1 0 1 1 1 0 0 1
"411" 1 1 1 1 1 1 1 0 1 1 1 1 1 1 1 0 0 1 1 0 1 1 1 0 1 1 1 0 0 0
"412" 0 0 0 1 0 1 1 0 0 0 0 1 0 0 1 0 0 1 0 0 1 1 1 0 1 0 0 0 0 1
"413" 0 1 0 1 0 1 1 0 1 1 0 1 1 1 1 0 0 1 1 0 0 1 1 0 1 1 0 0 1 1
"414" 0 1 0 1 1 1 1 0 1 0 1 0 1 1 1 1 1 1 1 0 1 1 1 0 1 1 1 0 1 1
"415" 0 0 0 1 0 1 1 0 1 0 0 0 0 0 1 0 0 0 0 0 0 0 1 1 1 1 0 0 0 0
"416" 1 0 0 1 0 1 1 1 1 1 0 1 1 1 1 0 0 1 0 0 1 1 1 0 1 0 0 0 0 1
"417" 0 0 0 1 1 1 1 0 1 1 1 1 1 0 1 0 0 0 0 0 0 0 1 1 1 1 1 0 0 0
"418" 1 1 0 1 1 1 1 0 1 1 0 1 1 1 1 1 1 1 0 0 0 0 1 0 1 1 1 0 1 1
"419" 1 0 0 1 1 1 1 0 0 1 1 1 0 0 0 1 0 1 0 0 0 0 1 0 1 1 0 0 0 1
"420" 0 0 0 1 0 1 1 0 1 1 0 1 0 1 1 0 1 1 0 0 1 1 1 0 1 1 0 0 0 1
"421" 1 1 0 1 1 1 1 0 0 1 0 1 1 1 1 1 1 1 0 0 0 1 1 1 1 1 1 0 0 1
"422" 1 1 0 1 1 1 1 0 1 1 0 1 0 1 1 1 0 1 1 0 1 1 1 1 1 1 1 0 0 1
"423" 0 0 0 1 0 1 1 0 1 0 0 1 1 1 1 0 0 1 0 0 1 0 1 0 1 1 1 0 0 0
"424" 0 0 0 1 0 0 0 0 0 0 0 0 1 0 1 0 0 0 0 0 1 1 0 0 0 1 0 0 0 0
"425" 0 1 0 1 1 1 1 1 1 0 0 1 0 1 1 0 0 1 1 0 0 1 1 1 1 1 1 0 0 1
"426" 0 0 0 1 0 1 1 0 0 1 1 1 1 1 1 1 0 0 0 0 1 1 1 0 1 1 1 0 0 0
"427" 0 1 0 1 1 1 1 0 0 0 1 1 1 1 1 0 1 1 0 0 1 0 1 0 1 0 1 0 0 1
"428" 0 0 0 1 1 1 1 0 1 0 1 1 1 1 1 0 0 0 0 0 0 1 1 0 1 1 0 0 0 1
"429" 0 0 1 1 1 1 1 1 1 0 0 1 0 1 0 1 1 0 0 0 0 1 1 0 1 1 1 1 0 1
"430" 0 1 0 1 1 1 1 0 1 0 0 1 1 0 1 1 0 1 1 0 1 1 1 1 1 1 1 0 0 1
"431" 0 1 0 1 0 1 1 0 1 1 0 1 1 1 1 0 0 0 1 0 0 1 1 0 1 1 0 0 0 1
"432" 0 0 0 1 0 0 1 1 1 0 0 1 0 1 1 0 0 0 1 0 0 0 0 0 0 0 0 0 0 1
"433" 0 0 0 1 0 1 1 0 1 0 0 1 0 1 1 1 0 1 0 0 0 0 1 0 1 1 0 0 0 0
"434" 0 1 0 1 0 1 1 0 1 1 0 1 0 1 1 0 0 1 0 0 0 0 0 0 1 1 0 0 0 0
"435" 1 0 0 1 1 1 1 0 0 0 1 1 0 1 1 0 0 1 1 1 0 1 1 1 1 1 1 0 0 0
"436" 1 1 0 1 1 1 1 0 1 0 1 1 1 1 1 0 0 0 0 0 0 0 0 0 1 1 1 0 1 0
"437" 1 1 1 1 1 1 1 1 1 1 0 1 0 1 1 1 1 1 0 0 1 1 1 1 1 1 1 0 0 1
"438" 0 0 0 1 0 1 1 0 0 0 0 1 0 0 1 0 1 0 0 0 0 1 1 0 1 1 1 0 1 1
"439" 0 0 0 1 0 1 1 1 1 1 0 1 1 1 1 1 1 1 0 0 1 1 1 0 1 1 1 0 1 1
"440" 1 0 0 1 1 1 1 1 0 1 1 1 1 1 1 0 1 1 1 0 1 0 1 1 1 1 1 0 0 1
"441" 0 1 0 1 1 1 1 0 1 1 0 1 1 1 1 0 0 0 1 1 0 1 1 0 1 1 1 0 1 0
"442" 1 1 0 1 1 1 1 0 0 1 0 1 1 1 1 1 0 1 1 0 0 1 1 0 1 1 0 0 0 1
"443" 1 1 0 1 1 1 1 0 1 1 1 1 1 1 1 0 0 1 1 0 0 0 1 0 1 1 1 0 0 1
"444" 0 0 0 1 1 1 1 0 0 1 0 1 0 1 1 0 0 1 0 0 0 1 1 0 1 1 0 0 0 1
"445" 0 0 0 1 1 1 1 0 0 1 0 1 0 1 1 1 0 0 0 0 0 0 1 1 1 1 1 0 0 0
"446" 0 1 0 1 1 1 1 1 1 1 0 1 1 1 1 1 0 1 1 0 0 1 1 1 1 1 0 0 0 1
"447" 0 0 0 1 0 1 1 0 0 1 0 1 0 1 0 1 0 0 0 0 1 1 0 1 1 0 0 0 0 0
"448" 0 1 0 1 0 1 1 0 1 0 0 1 1 1 1 1 1 1 1 0 0 1 1 0 1 1 1 0 0 1
"449" 1 1 0 1 1 1 1 1 1 1 1 1 1 1 1 0 1 1 1 0 0 1 1 1 1 1 1 0 0 0
"450" 0 0 0 1 1 1 1 0 1 1 0 1 0 0 1 0 1 1 1 0 1 1 1 1 1 1 1 0 0 1
"451" 0 1 0 1 0 1 1 1 0 0 0 1 1 1 1 1 1 1 0 0 1 0 1 0 1 0 1 0 0 1
"452" 0 0 0 1 0 1 1 0 0 0 0 0 1 0 1 0 0 0 0 0 0 0 1 0 1 1 0 0 0 0
"453" 0 0 0 1 0 1 1 0 0 1 0 0 0 1 1 0 0 0 1 0 0 1 0 0 1 1 0 1 1 0
"454" 0 1 0 1 1 1 1 0 0 1 0 1 1 1 1 1 1 1 0 0 0 1 1 0 1 0 1 0 1 1
"455" 0 1 0 1 1 1 1 0 1 1 0 1 0 1 1 0 1 0 1 0 0 0 1 1 1 1 1 0 1 1
"456" 0 0 0 1 1 1 1 1 1 1 0 1 1 1 1 0 1 1 0 0 0 1 1 1 1 1 1 0 0 1
"457" 0 0 0 1 1 1 1 0 0 0 0 1 0 1 1 1 0 1 1 0 1 1 1 0 1 1 0 0 0 1
"458" 0 0 0 1 1 1 1 1 0 1 0 1 1 1 1 0 0 0 0 0 1 0 1 0 1 1 1 0 0 1
"459" 0 1 0 1 1 1 1 0 1 1 0 1 1 1 1 0 1 1 0 0 1 1 1 1 1 1 1 0 1 1
"460" 1 0 0 1 1 1 1 0 1 1 0 1 0 1 0 0 0 0 0 0 0 1 1 0 1 1 0 0 0 0
"461" 0 1 1 1 1 1 1 1 0 1 0 1 1 1 1 0 1 1 0 1 1 1 1 1 1 1 1 0 1 0
"462" 0 1 0 1 1 1 0 0 1 1 0 1 1 1 1 1 0 1 0 1 1 1 1 0 1 0 1 0 1 1
"463" 1 1 0 1 0 1 1 0 0 1 0 1 0 0 1 0 1 1 1 0 1 1 1 1 1 1 1 0 0 0
"464" 1 0 0 0 0 1 1 0 0 0 0 0 0 0 1 0 0 0 0 0 0 0 1 0 1 0 1 0 0 0
"465" 1 1 0 1 1 1 1 0 1 1 0 1 1 1 1 1 0 0 1 1 1 1 1 1 1 1 1 0 1 0
"466" 0 1 0 1 1 1 1 0 1 1 0 1 0 1 1 1 1 1 0 0 1 1 1 0 1 1 1 0 1 1
"467" 0 0 0 1 0 1 0 0 0 0 0 0 0 0 1 1 0 1 0 0 0 1 1 0 1 1 0 0 0 0
"468" 1 1 0 0 0 1 1 0 1 1 0 1 1 0 0 1 1 1 0 0 0 1 1 1 1 1 1 0 1 1
"469" 1 0 0 1 1 1 1 0 1 1 0 0 1 1 1 0 0 1 1 0 0 1 1 0 1 1 1 0 0 1
"470" 0 1 0 1 0 1 1 0 1 0 1 1 1 1 1 0 0 1 0 0 0 1 1 0 1 1 1 0 1 0
"471" 0 0 0 1 1 1 1 0 1 0 0 1 0 1 1 0 0 0 0 0 1 0 1 0 1 0 1 0 1 1
"472" 1 1 0 1 0 1 1 0 0 0 0 1 1 1 1 0 1 0 0 0 0 0 1 1 1 1 0 0 0 0
"473" 0 1 0 1 0 1 1 0 0 0 0 1 0 1 1 0 0 0 0 0 1 1 1 0 1 0 0 0 0 1
"474" 0 0 0 1 1 1 1 0 0 0 0 0 1 0 1 1 0 1 1 0 1 1 1 1 1 1 1 0 0 1
"475" 0 0 0 1 1 1 1 0 0 0 1 1 0 0 1 0 0 0 0 0 0 0 0 0 1 1 0 0 0 0
"476" 0 1 1 1 1 1 1 0 1 1 0 1 1 1 1 0 1 0 0 0 0 0 1 0 1 1 1 0 0 0
"477" 0 0 0 1 0 1 1 0 1 0 1 1 1 1 1 0 1 0 0 0 1 1 1 0 1 1 1 0 0 0
"478" 0 0 1 1 0 1 1 0 0 1 0 1 1 1 1 0 0 1 1 0 0 0 0 0 1 0 0 0 0 0
"479" 1 1 1 1 1 1 1 1 1 1 1 1 1 1 1 0 0 1 0 0 1 0 1 0 1 1 1 0 0 1
"480" 1 1 0 0 0 1 1 0 0 1 0 1 1 1 1 0 0 0 1 0 0 1 1 1 1 1 1 0 0 0
"481" 1 0 0 1 1 1 1 0 1 0 0 1 0 1 1 0 0 0 0 0 0 0 0 0 1 1 0 0 0 0
"482" 1 1 0 1 1 1 1 0 0 0 0 1 0 1 0 0 0 1 0 0 0 1 1 1 1 1 1 0 1 0
"483" 0 1 0 1 1 1 1 0 0 0 0 1 0 1 1 1 0 1 0 0 0 0 1 0 1 1 1 0 1 1
"484" 0 0 0 1 1 1 1 0 0 0 0 1 0 1 1 0 0 1 0 0 1 1 1 1 1 0 0 0 0 1
"485" 1 0 0 1 0 1 1 0 1 1 0 1 1 1 1 0 0 1 0 0 1 0 0 0 1 1 1 0 0 0
"486" 0 1 0 1 0 1 1 0 1 1 0 1 1 1 1 0 0 1 0 0 1 1 1 0 1 1 1 0 0 0
"487" 0 0 0 1 0 1 1 0 0 0 0 0 1 0 1 0 1 0 1 0 0 1 1 0 1 0 1 0 0 1
"488" 1 0 0 1 1 1 1 0 1 0 1 1 1 1 1 0 0 1 0 0 0 1 0 0 1 1 1 0 0 1
"489" 1 0 0 1 1 1 1 0 0 1 0 1 0 1 1 1 0 1 1 0 0 1 1 1 1 1 1 0 0 1
"490" 0 1 0 1 0 1 1 0 1 1 0 1 1 1 1 0 0 0 0 0 0 0 1 0 1 1 0 0 1 0
"491" 1 0 0 1 1 1 1 1 1 1 1 1 1 1 1 1 0 1 1 0 1 1 1 1 1 1 1 0 0 1
"492" 0 1 1 1 1 1 1 0 1 1 1 1 1 1 1 1 1 1 1 0 1 1 1 0 1 1 0 0 0 1
"493" 1 1 0 1 1 1 1 1 1 0 1 1 1 1 0 1 0 1 1 0 0 1 1 0 1 1 1 0 0 0
"494" 0 1 0 1 0 1 1 0 1 1 0 1 0 1 1 0 0 0 0 0 0 1 0 0 1 0 0 0 0 1
"495" 1 1 0 1 0 1 1 0 0 1 0 1 1 0 1 1 0 0 0 0 1 1 0 1 1 1 1 0 0 0
"496" 1 0 1 1 1 1 1 0 1 1 1 1 1 1 1 0 1 1 1 0 0 1 1 0 1 1 1 0 1 1
"497" 0 0 0 1 1 1 1 0 0 1 0 1 0 1 0 1 1 1 1 0 0 1 1 0 1 1 1 0 1 1
"498" 0 1 1 1 0 1 1 1 1 1 1 1 0 1 0 0 1 1 1 0 0 0 1 0 1 1 1 0 0 1
"499" 0 1 0 1 0 1 0 0 0 1 0 1 0 1 1 0 0 1 1 0 0 0 1 0 1 0 1 0 0 0
"500" 0 0 0 1 0 1 1 0 0 1 0 1 1 1 1 0 0 0 1 0 1 0 1 0 1 1 1 0 1 1
"501" 0 0 0 1 0 1 1 0 0 1 0 1 1 1 1 0 0 0 0 0 1 1 0 0 1 1 0 0 0 1
"502" 0 1 1 1 0 1 1 0 0 0 0 1 1 1 1 1 1 1 1 0 1 1 1 1 1 1 1 0 1 1
"503" 0 1 1 1 1 1 1 0 0 1 0 1 1 1 1 1 1 1 0 0 1 1 1 0 1 1 0 0 1 1
"504" 0 1 0 1 0 1 1 0 0 0 0 1 0 1 0 0 0 0 1 0 0 1 1 1 1 1 1 0 0 1
"505" 0 1 0 1 0 1 1 0 1 0 0 1 0 1 1 1 1 1 0 0 0 1 1 0 1 1 1 0 1 1
"506" 0 0 0 1 0 1 1 0 1 1 1 1 1 1 1 0 1 1 0 0 1 0 1 1 1 1 1 0 0 0
"507" 0 1 0 1 0 1 1 1 1 1 0 1 1 1 1 0 0 1 0 0 0 1 1 0 1 1 1 0 0 0
"508" 1 0 0 1 1 1 1 0 1 0 0 1 0 1 1 1 0 1 1 1 1 1 1 0 1 1 1 0 0 1
"509" 1 1 0 1 0 1 1 1 1 1 1 1 1 1 1 0 0 0 1 0 1 1 0 0 1 1 1 0 0 0
"510" 0 1 0 1 0 1 1 0 0 0 0 1 0 1 1 0 0 0 0 0 1 1 1 1 1 1 1 0 0 0
"511" 0 1 0 1 1 1 1 1 1 1 0 0 0 1 1 1 1 1 1 0 0 1 1 0 1 1 1 0 1 1
"512" 1 1 1 1 1 1 1 1 1 1 0 1 1 1 1 0 1 1 1 0 1 1 1 1 1 1 1 0 0 1
"513" 0 0 0 1 0 1 1 0 1 0 0 1 0 0 1 1 1 1 1 0 1 0 1 1 1 1 1 0 0 1
"514" 1 0 0 1 1 1 1 0 0 0 0 1 0 0 1 1 0 1 1 0 0 1 1 1 1 0 0 0 1 1
"515" 0 1 0 1 0 1 1 1 0 0 1 1 0 1 1 0 0 0 0 0 0 1 0 0 1 1 1 0 0 1
"516" 1 1 0 1 1 1 1 0 1 1 1 1 1 1 1 1 0 0 1 0 0 1 1 1 1 1 1 0 1 1
"517" 1 1 0 1 1 1 1 1 0 1 0 0 0 1 1 1 1 1 0 0 1 1 1 1 1 1 0 0 0 1
"518" 0 1 0 1 0 1 1 0 1 1 0 1 0 1 1 0 0 0 0 0 0 0 1 0 1 0 1 0 0 0
"519" 0 1 0 1 0 1 1 1 1 0 1 1 0 1 1 1 1 0 1 1 1 1 1 0 1 1 1 0 1 1
"520" 0 1 0 1 0 1 1 0 0 1 0 1 0 1 1 1 0 1 1 0 0 1 0 1 1 1 1 0 0 1
"521" 1 1 0 1 1 1 1 0 1 1 0 1 1 1 1 0 0 0 0 0 0 1 1 0 1 1 1 0 0 0
"522" 0 0 1 1 1 1 1 1 0 1 1 1 1 1 1 0 0 0 0 0 0 1 0 0 1 0 1 0 0 0
"523" 0 0 1 1 0 1 1 0 1 0 0 1 0 1 1 0 1 0 1 0 1 0 1 0 1 1 0 0 0 0
"524" 0 1 1 1 1 1 1 0 1 1 0 1 0 0 1 0 1 1 0 0 1 1 1 0 1 1 1 0 1 0
"525" 1 1 0 1 0 1 1 0 1 0 0 1 0 1 1 0 1 1 0 0 1 1 1 0 1 1 1 0 1 1
"526" 0 1 0 1 1 1 1 1 1 1 1 1 0 1 1 1 0 1 1 1 0 1 1 0 1 1 1 0 1 1
"527" 0 0 0 1 1 1 1 0 0 1 1 1 1 1 1 0 1 1 1 1 1 0 1 1 1 1 1 0 0 1
"528" 0 0 0 1 0 0 1 0 1 0 0 1 1 1 1 0 0 1 0 0 0 1 0 0 1 1 0 0 0 1
"529" 0 0 0 1 0 1 1 0 0 1 1 1 1 0 1 1 0 1 1 0 1 0 0 1 1 1 0 0 1 1
"530" 1 0 0 1 0 1 1 0 1 0 0 1 1 1 1 1 0 0 0 0 0 1 0 0 1 1 1 0 0 1
"531" 0 0 0 1 0 1 1 1 0 0 0 0 0 1 1 0 0 0 0 0 0 1 1 0 1 0 0 0 0 0
"532" 0 0 1 1 1 1 1 1 0 0 0 0 0 1 1 1 1 1 1 0 1 1 1 1 1 1 1 0 0 1
"533" 0 1 1 1 1 1 1 0 0 0 0 1 1 1 1 1 1 1 0 0 1 1 1 1 1 1 1 0 0 1
"534" 1 0 0 1 0 1 1 1 0 1 0 1 1 0 1 0 0 0 0 0 0 0 1 0 1 0 0 0 1 0
"535" 0 0 0 1 1 1 1 1 0 1 0 1 1 1 1 0 1 1 1 0 0 0 1 1 1 1 1 1 0 1
"536" 1 0 0 1 1 1 1 1 0 1 1 1 1 1 1 1 0 1 1 0 0 1 0 0 1 1 1 0 1 0
"537" 1 0 0 1 1 1 1 0 1 1 0 1 1 1 1 0 0 0 1 0 0 0 1 1 1 0 1 0 0 0
"538" 1 1 0 1 1 1 1 0 1 1 0 1 0 1 1 1 1 0 1 0 1 1 1 0 1 1 1 0 0 1
"539" 1 1 0 1 1 1 1 1 1 1 1 1 1 1 1 0 0 0 0 0 0 1 1 0 1 0 1 0 0 0
"540" 0 1 0 1 0 1 1 0 0 0 0 1 1 1 1 0 0 1 0 0 1 1 1 0 1 1 1 0 0 0
"541" 0 0 0 1 0 1 1 0 1 0 1 1 0 0 1 1 1 0 0 0 0 0 0 0 1 1 0 0 0 1
"542" 0 0 0 1 0 1 1 0 0 0 0 0 1 1 1 1 0 0 0 0 0 0 1 0 1 1 0 0 0 0
"543" 0 0 0 1 0 1 1 0 0 0 0 0 1 0 1 0 1 1 0 0 0 1 0 0 1 0 0 0 0 0
"544" 0 1 0 1 1 1 1 1 1 0 0 1 0 1 0 0 1 1 1 0 1 1 1 0 1 1 0 0 0 1
"545" 1 1 1 1 0 1 1 1 1 0 0 1 1 1 1 0 0 0 0 0 0 1 1 0 1 1 1 0 1 0
"546" 0 1 0 1 0 1 1 0 0 1 0 1 0 1 1 0 0 0 0 0 0 1 1 0 1 1 1 0 0 1
"547" 0 1 0 1 0 1 1 0 1 0 0 1 0 1 1 0 1 1 1 0 1 1 1 1 1 0 1 0 0 0
"548" 1 0 0 1 0 1 1 0 0 1 1 1 1 0 1 1 1 1 0 0 0 0 1 1 1 1 1 0 1 1
"549" 1 0 1 1 0 1 1 0 1 1 0 1 1 0 1 0 0 1 0 0 1 1 0 0 1 1 1 0 0 1
"550" 0 0 0 1 0 1 1 0 1 0 1 1 1 1 1 0 1 0 0 0 0 0 1 0 1 1 0 0 0 0
"551" 0 1 0 1 0 1 1 0 0 1 0 1 1 1 1 0 1 1 0 0 0 0 1 0 1 1 1 0 0 1
"552" 1 0 0 1 1 1 1 0 1 0 0 1 1 1 1 1 1 1 1 0 1 0 1 0 1 0 0 0 0 1
"553" 0 1 0 1 1 1 1 0 1 1 0 1 1 0 1 0 0 1 0 1 1 1 1 1 1 1 1 0 1 1
"554" 0 0 0 1 0 1 0 0 0 0 0 0 0 0 0 0 0 0 0 0 0 1 1 0 1 0 0 0 0 1
"555" 0 1 0 1 1 1 1 0 1 1 0 1 0 1 1 0 0 1 1 0 0 1 1 1 1 1 1 0 1 1
"556" 0 0 0 1 1 1 1 0 1 0 0 1 1 0 1 0 1 0 1 0 1 0 1 1 1 1 0 0 1 1
"557" 0 0 0 1 0 1 1 0 1 0 0 1 1 1 1 0 0 1 1 0 1 0 0 0 1 1 0 0 0 0
"558" 1 0 0 1 1 1 0 0 1 1 0 1 1 1 1 1 0 0 1 0 1 0 1 0 1 1 1 0 0 1
"559" 0 1 0 1 0 1 1 0 0 0 0 1 1 1 0 1 0 0 0 0 1 1 0 0 1 1 0 0 0 1
"560" 0 1 0 1 0 1 1 0 1 1 0 1 0 1 1 1 1 0 0 0 1 1 1 0 1 1 1 0 0 1
"561" 0 1 0 1 0 1 1 0 1 0 0 1 0 1 1 0 1 0 0 0 0 0 1 1 1 1 0 0 0 1
"562" 1 1 0 1 1 1 1 0 1 1 0 1 0 1 1 1 1 1 0 1 1 1 1 1 1 1 1 0 1 1
"563" 0 0 0 1 1 1 1 0 1 0 0 1 0 1 1 0 1 1 1 0 0 1 1 1 1 0 1 0 0 0
"564" 1 1 0 1 1 1 1 1 1 1 0 1 0 1 1 1 0 1 1 0 1 1 1 1 1 1 1 0 0 1
"565" 0 0 0 1 0 1 1 0 1 0 0 1 0 1 1 0 0 1 0 0 0 0 0 0 1 0 1 0 1 0
"566" 0 1 0 1 0 1 1 0 1 0 0 1 1 1 1 1 1 1 1 0 0 1 1 0 1 1 1 0 1 1
"567" 0 1 0 1 0 1 1 0 1 1 0 1 0 1 1 1 1 1 0 0 0 1 1 1 1 1 0 0 0 0
"568" 0 1 1 1 0 1 1 0 0 1 0 0 0 1 1 0 1 1 0 0 1 1 1 0 1 1 1 0 0 1
"569" 0 1 0 1 0 1 0 0 1 1 0 1 1 1 1 1 0 0 0 0 1 0 1 0 1 1 0 0 0 1
"570" 1 1 0 1 1 1 0 0 1 0 0 1 1 1 1 1 0 0 1 0 1 1 1 1 1 1 1 0 1 1
"571" 0 1 0 1 0 1 1 0 1 1 0 1 0 0 1 0 1 1 1 0 1 1 1 0 1 1 1 0 1 0
"572" 1 1 0 1 1 1 1 0 0 1 0 1 0 1 1 0 1 0 1 0 1 1 1 1 1 1 1 0 1 1
"573" 0 0 0 1 0 1 1 0 0 0 0 1 0 1 1 0 0 1 0 0 0 0 1 0 1 1 0 0 0 0
"574" 0 0 1 1 0 1 1 0 1 1 0 0 0 1 1 0 0 1 0 0 0 1 1 0 1 1 1 0 0 0
"575" 1 1 1 1 0 1 1 0 1 1 0 1 1 1 1 1 1 1 0 0 1 0 1 1 1 1 1 0 1 1
"576" 1 0 0 1 0 1 1 0 0 0 0 1 1 0 1 1 0 1 0 0 1 1 1 0 1 1 1 0 0 0
"577" 0 0 0 1 1 1 1 0 1 1 0 1 0 0 1 1 1 1 1 1 0 1 1 1 1 1 1 0 0 1
"578" 0 1 0 1 0 1 0 0 0 0 0 1 0 1 0 0 0 1 0 0 0 0 0 0 1 0 0 0 0 1
"579" 1 1 0 1 0 1 1 1 1 1 0 1 1 1 1 0 0 1 1 0 1 1 1 0 1 1 1 0 0 1
"580" 0 0 0 1 1 1 1 0 0 1 0 1 0 1 1 0 0 1 0 0 1 0 1 0 1 1 1 0 0 0
"581" 0 0 0 1 0 1 1 0 0 0 0 1 0 1 1 0 0 0 0 0 0 0 0 0 1 0 1 0 0 1
"582" 1 1 0 0 0 1 1 0 0 1 0 1 1 1 1 1 1 1 1 0 0 1 0 1 1 1 0 0 0 0
"583" 0 0 0 1 1 1 1 0 0 0 0 1 0 1 0 0 0 0 1 0 1 1 1 0 1 1 0 0 0 1
"584" 1 1 0 1 1 1 1 0 1 0 1 1 1 1 1 0 0 0 0 0 0 0 1 0 1 0 1 0 0 0
"585" 1 0 1 1 0 1 1 0 0 0 0 0 1 0 1 1 0 0 1 0 0 0 1 0 1 0 1 0 1 1
"586" 0 0 0 1 0 1 1 0 0 1 0 1 0 1 1 1 0 1 0 0 0 1 0 0 1 0 0 0 0 1
"587" 0 0 0 1 0 1 1 1 0 1 0 1 1 1 1 0 0 0 1 0 0 1 1 0 1 1 1 0 0 1
"588" 0 1 0 1 1 1 1 0 0 1 0 1 0 1 1 0 0 0 0 0 0 1 0 0 1 0 0 0 0 0
"589" 0 0 0 1 0 1 1 0 0 0 0 1 1 1 1 0 1 1 0 0 1 1 1 0 1 1 1 0 0 1
"590" 1 0 1 1 0 1 1 0 0 1 1 1 1 0 1 0 1 1 0 0 1 1 1 1 1 1 0 0 1 1
"591" 0 1 1 1 0 1 1 0 1 1 0 0 1 1 1 0 0 1 0 0 0 0 0 1 1 0 1 0 0 0
"592" 1 1 0 1 1 1 1 0 0 1 0 1 0 0 1 0 1 1 0 0 1 0 1 1 1 1 1 0 0 1
"593" 0 1 0 1 1 1 1 0 0 1 0 1 1 1 1 1 0 1 0 0 0 1 1 1 1 1 0 0 0 0
"594" 0 0 0 1 0 1 1 0 1 1 0 1 0 0 1 0 0 0 0 0 0 1 1 0 1 1 1 0 0 0
"595" 0 0 0 1 0 1 1 0 1 1 0 1 0 0 1 0 0 0 0 0 1 0 0 0 1 1 0 0 1 1
"596" 0 0 0 0 0 1 1 0 0 1 0 1 0 1 1 0 0 0 0 0 1 0 0 0 1 0 0 0 0 0
"597" 0 1 0 0 0 1 1 0 0 1 1 1 1 0 1 0 1 1 0 0 1 0 1 0 1 1 1 0 1 1
"598" 1 1 1 1 1 1 1 1 0 1 1 1 0 1 1 0 0 1 1 0 0 1 1 0 1 0 0 0 0 0
"599" 1 0 0 1 0 1 1 0 0 1 0 1 1 1 1 0 1 1 0 0 0 1 1 0 1 0 0 0 0 0
"600" 0 1 0 1 1 1 1 0 0 1 0 0 0 1 1 0 0 0 0 0 0 1 1 0 1 1 1 0 0 1
"601" 0 1 0 1 1 1 1 0 1 1 1 1 1 1 0 1 0 1 1 0 1 1 1 0 1 1 1 0 1 1
"602" 1 1 1 1 1 1 1 0 1 1 1 1 1 0 1 1 0 1 0 0 1 1 1 0 1 1 1 0 0 1
"603" 0 0 0 1 0 1 1 0 0 0 0 1 0 0 1 0 0 0 1 0 0 0 1 1 1 0 1 0 0 0
"604" 0 0 0 1 0 1 1 0 0 1 0 0 0 0 0 0 0 1 1 0 1 1 1 0 1 1 1 0 0 0
"605" 0 0 0 1 1 1 1 0 0 1 1 0 0 1 1 0 0 0 0 0 0 1 0 0 1 0 0 0 0 1
"606" 0 1 0 1 0 1 1 0 0 1 0 1 1 1 1 1 1 1 1 0 0 1 1 0 1 1 1 0 1 0
"607" 0 0 0 1 1 1 1 1 0 1 1 1 1 1 0 0 1 1 1 0 1 0 1 1 1 1 1 0 1 0
"608" 1 1 0 1 1 1 1 0 1 1 0 1 1 1 1 0 1 1 1 0 1 1 1 0 1 1 1 0 0 1
"609" 0 1 0 1 1 1 1 0 1 1 1 1 0 1 1 0 0 0 0 0 0 1 1 0 1 1 0 0 1 0
"610" 0 1 0 1 1 1 1 0 0 1 1 1 1 1 1 0 0 1 1 0 1 1 1 0 1 0 1 0 0 1
"611" 0 1 0 1 1 1 1 1 1 1 0 1 1 1 1 1 1 1 1 0 0 1 1 0 1 1 1 0 1 1
"612" 0 1 1 1 0 1 1 0 1 1 1 0 1 1 1 0 0 1 0 0 0 0 1 0 1 1 1 0 0 1
"613" 0 0 0 1 1 1 1 0 1 0 0 1 0 0 1 0 0 0 0 0 0 1 1 0 1 1 0 0 0 0
"614" 0 0 0 1 0 1 1 0 0 0 0 1 0 1 1 0 0 0 0 0 0 0 0 0 1 1 0 0 0 0
"615" 1 1 0 1 1 1 1 0 1 0 0 1 0 1 1 0 1 0 0 0 1 0 0 0 1 1 0 0 0 1
"616" 0 0 0 1 0 1 1 0 0 0 0 1 0 1 1 0 1 0 1 0 1 1 1 0 1 1 0 0 0 0
"617" 0 1 0 0 0 1 1 0 1 0 0 0 0 1 1 1 0 0 0 0 1 1 1 0 0 0 1 0 0 1
"618" 0 1 0 1 0 1 1 0 0 0 0 1 0 1 1 1 0 1 0 0 1 1 1 0 1 0 0 0 0 0
"619" 0 1 0 1 0 1 1 0 1 1 0 1 0 1 1 0 0 0 0 0 0 0 1 0 0 0 0 0 0 0
"620" 0 1 0 1 0 1 1 0 0 0 0 1 0 1 1 1 0 1 1 0 0 1 1 0 1 0 1 0 0 1
"621" 0 1 1 1 0 1 1 1 1 1 1 1 0 1 1 1 1 1 1 0 1 1 1 1 1 1 1 0 1 1
"622" 0 1 1 1 0 1 1 0 0 1 1 1 0 1 0 0 0 1 1 0 0 1 1 1 1 1 1 0 1 1
"623" 0 1 0 1 1 1 1 1 1 1 1 1 0 1 1 1 1 1 1 0 1 0 1 1 1 1 1 0 0 1
"624" 0 0 0 1 0 1 1 0 1 1 1 1 1 1 1 0 0 1 0 0 1 0 1 1 1 1 1 0 0 0
"625" 0 0 0 1 0 1 1 0 0 1 1 1 1 1 1 1 0 0 0 0 0 1 0 0 1 0 1 0 0 1
"626" 1 0 0 1 0 1 1 0 0 0 0 0 0 1 1 0 0 1 1 0 1 1 1 0 1 0 0 0 0 1
"627" 0 0 0 1 0 1 1 0 0 0 0 1 1 1 1 1 0 1 0 0 0 1 1 0 1 1 1 0 0 1
"628" 1 0 0 1 1 1 1 1 1 0 0 1 0 0 1 1 0 1 1 1 1 1 1 1 1 1 1 0 1 1
"629" 1 1 0 1 1 1 1 1 0 0 1 1 1 1 1 0 0 1 0 0 0 0 1 0 1 1 0 0 0 1
"630" 0 1 0 1 0 1 1 0 0 0 0 1 0 0 1 0 0 0 0 0 0 0 1 1 1 1 0 0 0 0
"631" 1 0 0 1 0 1 1 0 1 1 0 1 0 1 1 0 0 1 1 1 1 1 1 1 1 1 1 0 1 1
"632" 0 1 1 1 1 1 1 1 1 1 0 1 1 1 1 1 1 1 1 0 1 1 1 0 1 1 1 0 1 1
"633" 0 1 0 1 0 1 1 0 0 1 0 1 1 1 1 1 0 0 0 0 1 0 1 0 1 0 0 0 0 0
"634" 0 1 0 1 1 1 1 0 1 1 0 1 0 0 0 0 0 0 0 0 0 1 1 0 1 1 1 0 1 0
"635" 0 0 0 1 0 1 0 0 0 0 1 1 0 1 1 1 1 1 0 0 1 1 1 0 1 1 1 0 1 1
"636" 0 1 1 1 1 1 1 0 1 0 0 1 1 1 1 1 1 1 1 0 1 1 1 1 1 1 1 0 1 1
"637" 0 0 0 1 1 1 1 0 1 0 0 1 0 1 1 0 0 1 0 0 1 1 1 1 1 1 1 0 0 1
"638" 1 1 1 1 1 1 1 0 0 1 1 1 1 1 1 1 0 1 1 0 0 1 1 0 1 1 1 0 0 0
"639" 1 1 1 1 0 1 1 0 0 1 1 1 1 0 1 1 0 1 0 0 1 0 1 1 1 0 1 0 1 1
"640" 0 0 0 1 0 1 1 0 1 0 0 1 0 1 1 1 0 1 0 1 0 1 1 0 1 1 0 0 0 0
"641" 0 0 0 1 0 1 0 0 1 0 0 1 0 1 1 1 1 1 1 0 1 0 1 1 1 1 1 0 1 1
"642" 0 0 1 1 0 1 1 0 0 1 0 1 0 1 1 0 0 1 0 0 1 1 1 0 1 1 0 0 0 0
"643" 1 0 0 1 1 1 1 0 0 0 0 1 1 1 1 1 0 1 0 0 1 1 1 1 1 0 1 0 0 1
"644" 1 0 0 1 1 1 1 0 1 0 0 1 1 1 1 1 1 1 0 0 1 1 1 0 1 1 1 0 0 0
"645" 0 1 0 1 1 1 1 0 0 0 0 1 1 0 1 0 0 1 0 0 1 1 0 0 1 1 1 0 1 1
"646" 0 1 0 1 0 1 1 0 1 1 0 1 0 1 1 1 0 1 0 0 0 1 1 1 1 1 1 0 0 0
"647" 1 1 0 1 0 1 1 0 1 1 0 1 0 1 1 1 1 1 0 0 1 1 1 1 1 0 0 0 0 0
"648" 0 1 0 1 0 1 1 1 0 0 0 1 1 1 1 1 1 1 1 0 0 1 1 1 1 1 0 0 0 1
"649" 1 1 1 1 1 1 1 0 0 1 1 1 0 1 1 1 1 0 1 0 0 1 1 1 1 0 0 0 0 0
"650" 0 0 0 1 1 1 1 0 0 0 0 1 1 0 1 0 1 1 1 0 0 0 1 1 1 1 0 0 0 0
"651" 0 0 0 1 1 1 0 0 1 1 0 1 0 0 1 0 0 0 0 0 0 0 1 0 1 1 1 0 0 0
"652" 1 0 0 1 0 1 1 1 0 0 0 1 0 0 1 0 0 1 1 0 1 1 1 0 1 1 1 0 1 1
"653" 0 0 0 1 0 1 1 0 0 1 0 1 0 0 1 0 1 1 0 0 1 1 0 0 1 1 1 0 0 1
"654" 1 1 0 1 1 1 1 0 1 1 1 1 0 1 1 0 1 0 1 0 1 1 1 1 1 1 1 0 1 1
"655" 0 0 0 1 0 1 1 0 1 0 0 1 0 1 1 0 1 1 0 0 1 1 1 0 1 0 0 0 0 1
"656" 1 1 0 1 1 1 1 0 1 0 0 1 0 1 1 1 1 1 1 0 1 1 1 0 1 1 0 0 1 1
"657" 0 0 0 1 0 0 1 0 0 0 0 1 1 1 1 0 0 0 1 0 0 0 1 0 1 0 0 0 0 0
"658" 1 1 0 1 1 1 1 0 1 1 0 1 1 1 1 1 1 1 1 1 1 1 1 1 1 1 1 0 0 1
"659" 0 1 0 1 1 1 1 0 1 0 0 1 1 1 1 1 0 1 1 0 0 0 0 1 1 1 1 0 0 0
"660" 0 0 0 1 0 1 1 0 0 0 0 1 0 0 0 0 0 0 0 0 0 0 0 0 1 1 0 0 0 1
"661" 0 0 0 1 0 1 1 0 0 0 0 1 1 0 1 0 0 0 0 0 1 1 1 0 1 0 0 0 0 1
"662" 1 0 0 1 1 1 1 1 1 1 0 1 1 1 1 0 1 1 0 1 0 1 1 1 1 1 1 0 0 1
"663" 0 1 0 1 0 1 1 0 0 0 0 1 0 1 1 0 0 0 0 0 1 1 1 0 1 1 0 0 0 0
"664" 0 0 1 1 0 1 1 0 1 1 0 1 1 0 0 0 0 0 0 0 1 1 1 0 1 1 1 0 1 1
"665" 0 1 0 1 1 1 1 0 0 1 0 1 1 0 1 1 0 1 1 0 0 1 1 1 1 1 1 0 0 1
"666" 0 0 0 1 1 1 1 0 0 1 0 1 0 1 1 1 0 1 1 0 1 1 1 1 1 1 1 0 1 1
"667" 0 0 0 1 0 1 1 0 0 1 0 1 1 0 1 0 0 0 1 0 1 1 1 0 1 1 1 0 1 0
"668" 0 0 1 1 0 1 1 0 0 0 0 1 0 0 1 0 1 0 0 0 1 1 1 0 1 0 0 0 0 0
"669" 0 1 0 1 1 1 1 0 0 0 1 1 1 1 1 1 0 0 0 0 1 1 0 1 1 1 0 0 0 1
"670" 0 0 0 1 0 1 1 1 0 0 0 1 1 0 1 1 1 1 1 0 1 0 1 1 1 1 1 0 1 1
"671" 1 0 0 1 0 1 1 0 1 1 0 1 0 1 1 0 1 1 1 0 1 1 0 0 1 1 1 0 0 1
"672" 1 0 0 1 1 1 1 0 1 1 0 1 1 0 1 1 1 1 1 0 1 1 1 0 1 0 1 0 0 0
"673" 1 1 0 1 1 1 1 1 1 1 1 1 1 1 1 0 1 0 0 0 0 1 1 1 1 1 0 0 0 1
"674" 0 1 0 1 1 1 1 1 0 1 0 1 0 1 1 1 1 1 0 0 0 1 1 0 1 1 1 0 0 1
"675" 1 1 0 1 0 1 1 0 1 0 0 1 1 1 0 0 0 0 1 0 0 1 1 0 0 1 1 0 0 1
"676" 0 0 0 1 0 1 1 0 1 0 0 1 1 1 1 0 1 0 1 0 1 0 1 1 1 0 1 0 0 0
"677" 1 1 0 1 0 1 1 0 0 1 1 1 1 0 1 1 1 1 1 0 0 1 1 1 1 1 0 0 1 1
"678" 0 0 0 1 1 1 1 0 1 0 0 1 1 1 1 1 1 1 0 0 0 0 1 1 1 0 1 0 0 1
"679" 1 1 0 1 1 1 1 1 1 1 1 1 0 1 1 1 1 1 0 0 1 1 1 1 1 1 0 0 1 1
"680" 1 1 0 1 0 1 1 0 1 0 0 1 1 1 1 1 0 1 1 0 1 1 0 1 1 1 1 0 1 0
"681" 0 1 0 1 1 1 1 0 0 1 0 1 1 1 0 1 1 1 1 0 1 1 1 1 1 0 1 0 0 1
"682" 1 1 0 1 1 1 1 1 1 1 0 1 1 1 1 0 0 1 1 0 1 1 1 1 1 1 1 0 0 1
"683" 0 0 0 1 0 1 1 0 1 1 0 1 1 1 1 1 1 1 1 0 1 1 1 0 1 1 1 0 1 1
"684" 0 1 0 1 1 1 1 0 0 0 0 1 1 1 1 0 0 1 0 0 0 1 1 0 1 1 1 0 0 1
"685" 0 0 0 0 0 1 1 0 0 0 0 1 1 0 1 0 0 1 0 0 0 0 0 0 1 0 0 0 0 0
"686" 1 1 1 1 1 1 1 0 1 1 0 1 1 1 1 1 1 1 1 0 1 1 1 1 1 1 1 0 0 1
"687" 1 1 0 1 0 1 0 0 0 0 0 1 0 1 1 0 0 1 1 0 1 1 0 1 1 0 0 0 1 0
"688" 1 1 1 1 0 1 1 0 0 1 1 1 0 1 1 0 1 1 0 0 1 1 1 1 1 1 1 0 0 1
"689" 1 0 0 1 1 1 1 0 1 1 0 1 1 1 1 1 1 1 1 1 1 1 1 0 1 1 1 0 0 0
"690" 0 0 0 1 0 1 1 0 0 0 0 0 0 0 0 0 0 0 0 0 0 0 1 0 1 1 1 0 0 1
"691" 0 1 0 1 0 1 1 0 0 1 0 1 0 1 1 1 0 0 0 0 1 1 1 0 1 1 0 0 0 0
"692" 0 1 0 1 1 1 1 1 1 1 0 1 0 1 1 1 0 1 1 0 1 0 1 0 1 1 1 0 1 1
"693" 0 0 0 1 1 1 1 0 1 1 0 1 0 1 1 0 0 1 0 0 1 1 1 0 1 1 1 0 0 1
"694" 0 0 0 1 0 1 1 0 0 1 0 1 1 1 0 0 0 1 0 0 1 1 1 1 1 1 1 0 0 1
"695" 1 1 0 1 0 1 1 1 0 1 0 1 1 1 1 0 1 1 0 0 0 1 1 0 1 0 1 0 0 0
"696" 0 0 0 1 1 1 1 0 0 0 0 1 0 0 1 0 1 0 0 0 1 1 1 0 1 1 0 0 0 1
"697" 0 1 0 1 0 1 1 0 1 1 1 1 1 1 1 0 0 0 0 1 1 1 1 1 1 1 1 0 1 1
"698" 1 1 0 1 1 1 1 1 1 1 0 1 1 1 1 1 0 1 0 0 1 1 1 1 1 0 0 0 1 0
"699" 1 1 0 1 1 1 1 1 0 1 0 1 1 1 1 0 1 1 0 0 0 1 1 0 1 1 1 0 0 0
"700" 0 0 0 1 1 1 0 0 1 0 0 0 1 1 1 1 1 1 0 0 1 1 0 1 1 1 1 0 0 1
"701" 1 1 0 1 1 1 1 0 0 1 1 1 1 1 1 1 0 1 1 0 1 1 1 0 1 1 1 0 0 1
"702" 0 1 0 1 1 1 1 0 0 1 0 1 0 1 0 0 1 1 0 0 1 1 1 0 1 1 0 0 0 1
"703" 0 1 1 1 0 1 1 0 1 1 0 1 0 1 1 0 0 0 0 0 0 0 1 0 1 1 1 0 0 0
"704" 1 1 1 1 1 1 1 0 1 1 0 1 0 0 1 1 1 1 0 0 0 1 1 0 1 1 1 0 0 0
"705" 1 1 0 1 1 1 1 1 1 1 0 1 0 1 1 0 1 1 0 1 1 1 1 1 1 0 1 0 1 0
"706" 1 1 0 1 0 1 1 0 0 1 0 1 0 1 1 0 1 1 0 0 0 1 1 1 1 1 0 0 1 0
"707" 0 1 0 1 1 1 0 0 0 0 0 1 0 1 0 0 1 1 1 0 0 0 1 1 1 1 1 0 0 1
"708" 1 0 0 1 1 1 1 0 1 1 0 0 0 1 1 0 0 1 1 0 1 0 0 1 1 1 0 0 0 0
"709" 1 1 1 1 1 1 1 0 1 0 0 1 1 0 1 0 1 1 1 0 1 1 1 0 1 1 1 0 0 1
"710" 0 1 0 1 0 1 1 0 0 0 0 0 0 1 1 0 0 0 1 0 0 1 0 0 1 1 0 0 0 0
"711" 1 0 0 1 1 1 1 0 0 0 1 1 1 1 1 0 1 1 1 0 1 1 1 1 1 1 0 0 1 0
"712" 0 0 0 1 1 1 1 0 1 1 0 0 0 1 1 0 0 0 0 0 1 1 1 0 1 0 1 0 0 0
"713" 1 1 0 1 0 1 1 0 1 1 0 1 0 1 1 0 0 1 1 0 0 1 1 1 1 1 1 0 1 1
"714" 0 0 0 1 0 1 1 0 1 0 0 1 1 1 1 1 1 1 1 0 1 0 1 1 1 1 1 0 1 1
"715" 0 0 0 0 0 1 1 0 0 0 0 0 1 1 0 1 0 0 1 0 0 0 1 0 1 0 0 0 0 0
"716" 1 1 0 1 0 1 1 0 0 0 1 0 0 1 1 1 1 1 1 0 1 1 1 1 1 1 1 0 0 0
"717" 1 1 1 1 1 1 1 0 1 1 0 1 0 1 1 0 1 0 1 0 1 1 1 0 1 1 1 0 0 1
"718" 0 1 0 1 0 1 1 1 0 0 1 1 0 1 1 0 0 1 0 0 0 1 1 0 1 1 1 0 0 0
"719" 1 1 0 1 1 1 1 1 1 1 1 1 0 1 1 1 1 1 1 0 1 1 1 0 1 1 1 0 0 0
"720" 1 1 1 1 1 1 1 0 1 1 0 0 0 1 1 0 0 1 1 0 1 1 1 1 1 1 1 0 0 1
"721" 1 0 1 1 0 1 1 0 1 0 0 1 1 1 1 0 1 0 0 0 0 1 1 1 1 1 1 0 0 1
"722" 1 1 0 1 1 1 1 0 1 1 1 1 1 1 1 1 1 0 1 0 1 1 0 1 1 1 1 0 1 1
"723" 0 1 0 1 1 1 1 0 1 1 0 1 1 1 1 1 1 1 1 0 0 1 1 1 1 1 1 0 0 0
"724" 1 0 0 1 1 1 1 1 0 0 0 1 1 1 1 0 0 0 0 0 0 1 1 1 1 1 1 0 1 1
"725" 1 1 0 1 0 1 1 0 1 0 0 1 0 1 1 0 0 1 0 0 1 0 1 0 1 1 0 0 0 0
"726" 1 0 0 1 0 1 1 0 0 1 0 1 0 1 1 1 1 1 0 0 1 1 1 0 1 1 1 0 0 0
"727" 0 1 0 1 0 1 1 0 1 1 0 1 0 1 1 0 0 0 0 0 1 1 1 1 1 1 1 0 0 1
"728" 0 0 0 1 1 1 1 0 1 0 0 0 0 1 1 0 1 0 1 0 1 1 1 0 1 1 0 0 0 1
"729" 1 0 0 1 0 1 1 0 1 0 0 1 1 1 1 0 0 1 1 0 0 1 1 1 1 1 1 0 0 1
"730" 1 1 0 0 0 1 1 0 1 1 0 1 0 1 1 0 1 1 0 0 0 1 1 0 1 1 0 0 0 0
"731" 0 1 0 1 0 1 1 0 1 0 0 1 0 1 1 0 0 0 1 0 1 1 1 0 1 1 1 0 0 1
"732" 1 0 0 1 0 1 1 0 0 1 1 1 1 1 1 0 1 1 1 0 1 1 1 1 1 1 1 0 1 1
"733" 0 0 1 1 0 1 1 0 0 1 0 1 0 0 1 1 0 0 1 0 0 1 0 1 1 1 1 0 0 1
"734" 0 1 1 1 1 1 1 1 1 1 1 1 0 1 1 1 1 1 1 0 0 1 1 1 1 0 1 0 1 1
"735" 0 0 0 1 0 1 1 1 1 0 0 0 0 0 1 0 0 0 0 0 1 0 0 0 1 0 0 0 0 1
"736" 1 1 0 1 1 1 1 0 1 0 1 1 1 1 1 1 1 1 1 0 1 1 1 1 1 1 1 0 1 1
"737" 0 0 0 1 0 1 1 0 0 0 0 1 1 0 1 0 0 1 1 0 1 1 0 1 1 1 1 0 0 0
"738" 0 1 0 1 0 1 1 0 0 1 0 1 0 0 1 1 0 1 1 0 0 1 0 0 1 1 1 0 0 0
"739" 0 0 0 1 0 1 1 0 0 1 0 0 0 1 0 0 0 1 1 0 0 1 1 0 1 1 1 0 0 0
"740" 1 1 1 1 1 1 1 1 0 1 1 1 0 1 1 1 0 1 0 1 1 1 1 0 1 1 1 0 1 0
"741" 0 1 0 1 0 1 1 1 0 0 0 1 1 1 1 0 0 1 0 0 1 1 1 0 1 1 0 0 1 1
"742" 0 0 0 1 0 1 1 0 0 1 1 1 0 1 1 0 0 0 0 0 0 1 1 0 1 1 0 0 1 0
"743" 1 1 0 1 0 1 1 0 0 1 1 1 0 0 1 0 0 0 0 0 1 0 1 0 1 0 0 0 0 1
"744" 0 1 0 1 0 1 1 0 0 1 0 1 1 1 1 0 0 0 0 0 0 1 0 0 1 0 1 0 0 1
"745" 0 1 0 1 0 1 1 0 0 0 0 1 0 1 1 0 1 1 0 1 0 1 1 0 1 1 0 0 0 0
"746" 1 1 1 1 1 1 1 1 0 0 0 1 0 1 1 0 0 1 1 0 1 1 1 0 1 1 0 0 1 0
"747" 0 0 0 1 0 1 1 0 0 0 0 0 0 0 1 0 0 0 0 0 0 1 1 0 1 1 0 0 0 0
"748" 0 0 0 1 1 1 1 0 1 0 0 1 1 0 1 1 0 0 0 0 0 1 1 1 1 1 1 0 0 0
"749" 1 1 0 0 1 1 1 0 1 1 0 1 0 0 1 1 1 1 1 0 1 1 1 1 1 0 1 0 1 1
"750" 0 1 1 1 0 1 1 0 1 1 0 1 0 1 1 0 0 0 0 0 0 1 1 0 1 0 1 0 0 1
"751" 0 1 0 1 1 1 1 0 0 1 0 1 1 1 1 1 0 1 0 0 0 1 1 1 1 1 1 0 0 0
"752" 0 0 0 1 0 1 1 0 0 1 0 1 1 1 1 0 0 0 0 0 0 0 1 0 1 1 1 0 0 0
"753" 0 1 0 1 1 1 1 0 0 1 1 1 1 1 1 0 0 0 0 0 0 0 1 1 1 1 1 0 1 0
"754" 0 1 0 1 0 1 1 0 1 0 0 1 1 1 1 0 0 0 0 0 0 0 1 1 1 1 1 0 0 1
"755" 1 1 0 1 1 1 1 1 1 1 0 1 1 0 1 1 0 1 1 0 1 1 1 0 1 1 1 0 0 1
"756" 0 0 0 0 0 1 1 0 0 0 0 0 0 0 1 0 1 1 1 0 1 1 1 1 1 1 1 0 0 1
"757" 0 0 0 1 0 1 1 0 0 0 0 1 1 0 1 1 0 1 0 0 0 1 1 1 1 1 0 0 1 1
"758" 0 0 0 1 0 1 1 0 0 1 0 0 0 1 1 0 0 1 0 0 0 1 1 0 1 1 0 0 0 0
"759" 0 1 0 1 0 1 1 0 0 1 0 1 0 1 1 1 1 0 1 0 0 1 1 1 1 0 1 0 0 0
"760" 1 1 0 1 0 1 1 0 0 1 1 1 1 0 1 1 0 1 1 0 0 1 1 1 0 1 1 0 0 1
"761" 0 0 0 1 0 1 1 0 0 0 0 1 1 1 1 0 0 1 0 0 0 1 1 1 1 0 1 0 0 1
"762" 1 1 0 1 0 1 1 1 0 0 0 1 0 1 1 1 0 1 1 0 1 1 1 0 1 1 1 0 0 1
"763" 0 1 0 1 1 1 1 0 1 1 1 1 0 1 1 1 1 1 0 0 0 1 1 0 1 1 1 0 1 0
"764" 0 0 0 1 1 1 1 0 0 0 0 0 0 0 1 0 0 0 0 0 0 0 1 0 1 0 0 0 0 0
"765" 1 1 0 1 1 1 1 0 1 1 1 1 0 1 1 1 1 1 1 0 1 1 1 1 1 1 1 0 1 1
"766" 0 0 0 1 0 1 1 0 0 0 0 1 0 1 1 1 0 1 0 0 0 1 1 1 1 1 1 0 0 0
"767" 0 1 0 1 1 1 1 0 0 0 0 1 0 1 1 1 0 1 1 0 1 1 1 0 1 1 1 0 0 0
"768" 0 1 0 1 0 1 1 1 0 1 1 1 0 0 1 1 1 0 0 0 1 0 1 0 1 1 1 0 0 0
"769" 1 1 0 1 1 1 1 1 1 1 1 1 0 1 1 0 1 1 1 1 1 1 1 1 1 1 1 0 1 0
"770" 1 1 0 1 1 1 1 0 1 0 0 1 0 1 1 1 1 1 1 0 1 1 1 1 1 0 1 0 0 1
"771" 0 1 0 1 1 1 1 0 1 0 0 1 1 1 1 1 1 0 1 0 1 1 1 1 1 1 1 0 0 1
"772" 1 0 0 1 1 1 1 1 0 0 1 1 0 0 1 1 0 0 0 0 0 1 1 0 1 1 1 0 0 1
"773" 0 1 0 1 0 1 1 0 0 0 0 1 0 1 0 1 0 0 0 0 1 1 1 1 1 1 0 0 0 1
"774" 0 0 0 1 1 1 1 0 1 1 0 1 0 1 1 1 0 1 0 0 1 0 1 0 1 1 0 0 1 1
"775" 1 1 1 1 0 1 1 0 0 0 0 1 0 0 1 1 0 1 0 0 1 0 0 0 1 0 1 0 0 0
"776" 0 1 0 1 0 1 1 0 1 0 0 1 1 0 1 0 0 0 0 0 0 0 1 0 1 1 1 0 0 1
"777" 1 1 0 1 1 1 1 0 1 0 0 1 1 1 1 0 1 1 1 0 1 1 1 1 1 0 1 0 0 0
"778" 0 0 0 1 0 1 1 0 1 1 0 0 1 1 0 0 0 0 0 0 0 0 1 0 1 0 1 0 1 1
"779" 0 1 0 1 0 1 1 0 1 1 0 1 1 0 1 1 1 1 1 0 1 1 1 1 1 1 0 0 0 1
"780" 1 0 0 1 1 1 1 0 1 1 0 1 0 0 1 1 0 0 0 0 1 1 1 0 1 1 0 0 1 1
"781" 0 0 1 1 1 1 1 0 0 0 0 1 1 1 1 0 1 1 1 0 0 1 1 1 1 1 1 0 0 0
"782" 0 1 0 1 0 1 1 1 1 1 0 1 1 1 1 0 1 1 0 0 1 1 1 1 0 1 1 0 0 0
"783" 1 0 0 1 0 1 1 0 1 1 0 1 1 1 1 0 1 1 0 0 1 1 1 1 1 1 1 0 1 1
"784" 0 0 1 1 0 1 1 0 0 1 0 1 0 1 1 1 0 0 0 0 0 0 0 0 1 1 1 0 0 0
"785" 0 1 0 1 0 1 0 0 0 0 0 0 0 0 0 1 1 0 0 0 0 1 1 0 1 0 0 0 0 0
"786" 0 1 0 1 0 1 1 1 0 1 0 1 0 1 1 0 0 1 1 0 0 1 1 1 1 1 1 0 0 1
"787" 0 0 0 1 0 1 1 0 0 0 0 1 0 1 0 1 1 0 0 0 0 0 1 0 1 1 1 0 1 1
"788" 0 0 0 1 0 1 1 0 1 0 0 1 0 0 1 0 0 0 0 0 0 0 1 0 1 0 0 0 0 0
"789" 0 0 0 1 0 1 1 0 1 0 1 1 0 0 1 1 1 1 0 1 1 0 1 0 1 1 0 0 1 1
"790" 0 1 0 1 0 0 1 0 1 0 0 1 0 1 0 1 1 1 1 0 1 1 1 1 1 0 1 0 0 1
"791" 0 1 0 1 1 1 1 1 0 1 0 1 1 1 1 1 0 1 1 0 1 1 1 1 1 1 0 0 0 0
"792" 0 1 0 1 1 1 1 1 1 0 0 1 1 1 1 0 0 0 0 1 1 0 1 0 1 1 0 0 0 0
"793" 0 0 0 1 1 1 1 0 0 1 0 1 0 0 1 0 0 1 0 0 1 0 1 0 1 1 0 0 0 1
"794" 0 0 0 1 0 1 1 0 1 1 0 1 0 1 0 0 0 0 0 0 0 0 0 0 1 1 0 0 0 0
"795" 0 1 1 1 1 1 1 1 0 1 1 1 1 0 1 0 1 1 0 0 0 1 1 1 1 1 1 0 0 1
"796" 0 0 0 1 0 1 1 0 0 0 0 0 1 1 1 0 0 0 0 0 1 0 1 0 1 0 1 0 0 0
"797" 1 0 1 1 1 1 1 1 0 0 0 1 0 1 1 0 0 0 0 0 1 1 1 0 1 1 1 0 0 0
"798" 0 1 0 1 0 1 1 0 1 0 0 1 1 1 0 0 1 1 0 0 1 1 1 1 0 0 1 0 1 0
"799" 1 1 0 1 1 1 1 0 1 1 0 1 0 0 1 1 0 1 0 1 1 1 1 1 1 1 1 0 1 1
"800" 0 1 0 1 1 1 1 0 0 1 0 1 1 0 1 0 0 1 0 0 0 1 1 1 1 0 0 0 0 0
"801" 0 1 0 1 0 1 0 0 0 1 0 0 0 1 1 0 1 0 0 0 0 1 1 0 1 1 1 0 0 0
"802" 0 1 0 1 0 1 1 1 1 0 0 1 1 1 0 0 1 0 0 0 0 1 1 1 1 1 1 0 0 1
"803" 0 0 0 1 0 1 1 0 0 0 0 1 1 1 1 0 0 0 0 0 0 1 1 0 1 1 1 0 0 1
"804" 0 0 0 1 0 1 1 0 1 1 0 1 0 1 1 1 1 1 0 0 0 1 1 1 1 1 1 0 1 1
"805" 1 1 0 1 1 1 1 0 0 1 0 1 0 1 1 1 1 1 1 0 0 1 1 0 1 1 1 0 0 0
"806" 0 0 1 1 1 1 1 0 0 1 0 0 0 1 0 0 1 0 0 0 1 1 1 0 1 1 1 0 0 0
"807" 0 1 0 1 1 1 1 0 1 1 0 1 0 1 1 0 1 1 1 0 0 1 1 1 1 1 0 0 0 0
"808" 1 1 0 1 1 1 1 0 1 1 1 1 0 1 1 0 0 1 1 0 1 1 1 1 1 1 1 0 1 1
"809" 0 0 0 1 1 1 1 1 1 1 1 1 1 1 1 0 1 1 1 1 1 1 1 1 1 1 0 0 1 1
"810" 0 1 0 1 1 1 1 0 1 1 0 1 1 1 0 0 1 0 0 0 1 1 1 1 1 1 1 0 0 1
"811" 0 1 0 1 0 1 1 0 0 0 0 1 0 1 1 0 0 1 0 1 0 0 1 0 1 1 1 0 0 0
"812" 1 1 0 1 0 1 1 0 1 1 0 1 1 1 1 1 0 1 0 0 0 1 1 0 1 0 1 0 1 0
"813" 0 1 0 1 0 1 1 1 1 1 0 1 1 1 1 1 0 1 0 0 0 1 1 0 1 1 1 0 0 1
"814" 0 0 0 1 0 1 1 1 1 0 1 1 0 1 1 1 1 1 0 0 0 1 1 0 1 1 1 0 1 1
"815" 0 1 1 1 1 1 1 0 0 1 0 1 0 1 1 0 1 1 0 0 1 1 1 0 1 1 0 0 0 0
"816" 0 1 0 1 0 1 1 0 1 1 0 1 1 1 1 0 0 1 1 0 1 1 1 1 1 1 1 0 1 1
"817" 0 1 0 1 0 1 1 0 0 0 0 1 0 0 1 0 0 1 0 0 0 0 0 1 1 1 1 0 0 1
"818" 0 1 0 1 1 1 1 1 1 1 0 1 0 0 0 0 0 0 0 0 0 1 0 1 1 1 1 0 0 0
"819" 0 1 0 1 0 1 1 0 1 1 0 1 0 0 1 1 1 1 1 0 1 1 1 1 1 1 1 0 1 1
"820" 1 1 0 1 1 1 0 0 1 1 0 1 1 1 1 0 1 1 0 1 1 1 1 1 1 1 0 0 1 1
"821" 1 1 1 1 1 1 1 0 1 1 1 1 0 1 1 1 1 1 1 0 1 1 1 1 1 1 1 0 0 1
"822" 1 0 1 1 0 1 1 0 1 1 0 0 1 1 1 0 0 1 0 0 1 1 1 0 1 1 1 0 0 1
"823" 0 0 0 1 0 1 1 0 0 0 0 1 1 1 1 0 0 1 1 0 0 1 0 0 1 0 1 0 1 1
"824" 0 0 0 0 0 1 1 0 0 0 0 0 1 0 1 0 0 0 0 0 0 1 1 0 1 0 0 0 0 0
"825" 1 1 1 1 1 1 1 0 1 1 1 1 1 1 1 1 0 1 1 0 1 1 1 1 1 1 1 0 0 0
"826" 0 1 0 1 1 1 1 0 0 1 0 1 0 1 1 0 0 1 0 0 1 1 1 1 1 1 0 0 0 1
"827" 1 1 0 1 1 1 1 1 1 1 0 1 1 1 1 1 0 1 0 0 1 1 1 1 1 0 1 0 1 1
"828" 0 0 0 1 0 1 1 0 0 1 0 1 1 1 1 0 0 1 1 0 0 1 1 0 1 0 0 0 0 1
"829" 1 1 0 1 1 1 1 0 1 1 0 1 1 1 1 1 1 0 0 0 1 1 1 0 1 1 1 0 0 1
"830" 0 0 0 1 0 1 1 0 1 0 0 0 0 1 0 0 0 1 1 0 1 0 1 0 1 1 0 0 0 1
"831" 1 1 0 1 1 1 1 0 0 0 1 0 0 0 1 0 0 1 0 0 0 0 1 0 1 1 0 0 0 0
"832" 0 0 0 1 0 1 1 0 1 1 0 0 1 1 1 0 0 1 0 0 0 0 1 0 1 1 1 0 1 0
"833" 0 1 0 1 1 1 1 0 0 1 0 1 1 1 1 1 0 1 0 0 1 1 1 1 1 1 1 0 0 0
"834" 0 0 0 1 1 1 1 0 0 1 1 1 1 1 1 0 0 1 0 0 0 0 1 0 1 0 1 0 0 1
"835" 1 1 1 1 1 1 1 0 0 0 0 1 0 0 1 0 1 1 0 0 0 0 1 0 1 0 1 0 0 0
"836" 1 1 0 1 1 1 1 1 0 1 1 0 0 1 1 0 1 1 0 0 1 1 1 1 1 1 1 0 1 0
"837" 0 1 0 1 0 1 1 0 0 1 1 0 0 0 1 0 0 1 1 0 1 0 1 1 1 1 1 0 1 0
"838" 0 1 0 1 0 1 1 1 0 0 0 1 0 0 1 1 0 1 1 0 0 1 1 0 1 1 1 0 1 1
"839" 1 1 0 1 1 1 0 1 1 1 1 1 1 1 1 0 0 1 1 1 1 1 1 1 1 1 1 0 0 1
"840" 0 0 0 1 0 1 1 0 0 1 0 1 1 1 1 0 0 1 0 0 0 1 1 0 1 1 0 0 0 0
"841" 0 0 0 1 1 1 1 0 0 0 0 1 0 0 1 1 1 1 1 0 1 1 0 0 1 1 1 0 1 1
"842" 1 1 0 1 0 1 1 0 0 1 1 1 1 1 1 0 0 0 0 0 0 0 1 0 1 1 0 0 0 1
"843" 0 0 0 0 0 1 1 0 1 1 0 1 0 1 1 0 1 0 0 0 0 0 1 0 1 1 1 0 0 1
"844" 0 0 0 1 1 1 1 0 1 0 0 1 0 0 1 0 0 1 0 0 0 0 0 0 1 1 1 0 0 1
"845" 0 0 0 1 0 1 1 0 0 0 0 1 1 0 1 0 0 1 1 0 0 1 1 0 1 0 0 0 0 0
"846" 0 0 0 1 1 1 0 0 0 1 0 1 0 1 1 0 0 0 0 0 1 1 1 0 1 1 1 0 0 1
"847" 0 0 0 1 0 1 1 0 0 0 0 1 0 1 1 1 0 1 1 0 1 1 0 0 1 1 1 0 1 0
"848" 0 0 0 1 0 1 1 0 1 1 0 1 1 0 1 0 0 0 0 0 1 0 1 0 1 1 1 0 0 0
"849" 1 1 1 1 1 1 1 0 1 1 1 1 1 1 1 0 1 1 1 0 0 1 1 0 1 1 1 0 0 1
"850" 1 1 0 1 1 1 1 0 0 1 0 0 1 1 1 0 0 1 1 0 1 1 1 0 1 1 1 0 0 1
"851" 0 1 0 1 0 1 1 0 1 1 0 1 1 0 1 1 0 1 0 0 1 1 1 1 1 1 1 0 0 1
"852" 0 0 0 1 0 1 1 0 0 1 0 0 0 1 1 0 1 1 1 0 1 1 1 0 1 1 1 0 0 1
"853" 1 0 0 1 1 1 1 1 0 1 0 1 1 1 1 0 1 0 1 1 1 1 1 0 1 1 0 0 0 1
"854" 1 1 0 1 0 1 1 1 0 1 0 1 1 1 1 0 0 0 0 0 1 1 1 0 1 1 1 0 0 0
"855" 0 1 0 1 1 1 1 0 1 1 0 1 1 1 1 0 1 1 1 0 0 1 1 0 1 1 1 0 1 0
"856" 0 0 0 1 0 1 1 0 0 0 0 0 0 0 1 0 0 0 1 0 0 1 1 0 1 0 1 0 1 1
"857" 1 0 0 1 1 1 1 0 1 1 0 0 0 1 1 0 1 0 0 0 0 1 1 0 1 0 0 0 1 0
"858" 0 0 0 1 0 1 0 0 0 0 0 0 0 1 1 0 0 0 1 0 0 1 1 0 1 1 0 0 1 1
"859" 0 1 1 1 0 1 1 1 0 1 0 1 0 1 1 0 0 1 0 0 0 1 1 0 1 1 1 0 0 1
"860" 1 1 0 1 1 1 1 0 1 1 0 1 0 1 1 0 0 0 1 0 0 1 0 1 1 1 1 0 0 1
"861" 0 1 0 1 1 1 1 0 0 1 0 1 0 0 1 1 1 1 1 0 0 1 1 1 1 1 1 0 0 1
"862" 1 0 0 1 0 1 1 1 1 1 1 1 0 1 1 0 0 1 1 0 0 0 0 0 1 1 1 0 0 1
"863" 0 0 0 1 1 1 1 0 0 0 0 1 0 1 1 1 1 0 1 0 0 1 1 1 1 1 1 0 1 0
"864" 0 0 0 1 0 1 1 0 0 0 0 1 0 1 1 0 1 1 1 0 1 1 1 1 1 1 0 0 1 0
"865" 0 1 0 1 0 1 1 0 0 0 0 1 0 0 0 0 0 1 1 0 1 0 1 1 1 0 0 0 0 1
"866" 0 0 0 1 1 1 1 0 1 0 0 1 0 0 1 1 0 0 1 0 0 1 1 0 1 1 1 0 0 1
"867" 1 1 0 1 1 1 1 1 0 1 0 1 0 1 1 0 0 0 0 0 0 1 0 1 1 1 1 0 0 1
"868" 0 0 0 1 0 1 1 0 1 0 0 1 1 0 1 1 1 0 0 0 0 0 1 0 1 1 1 0 0 1
"869" 0 0 0 1 0 1 1 0 1 1 0 1 1 1 1 0 0 0 0 0 1 1 1 0 1 1 0 0 0 0
"870" 0 0 0 1 0 1 1 0 0 1 0 1 0 1 1 0 0 1 1 0 0 1 1 1 1 1 1 0 1 0
"871" 0 1 0 1 0 1 1 1 1 1 0 1 1 1 1 1 1 1 1 1 1 1 1 0 1 1 1 0 1 1
"872" 0 1 1 1 1 1 1 0 0 1 1 1 1 1 1 1 1 1 0 0 0 1 0 1 1 1 1 0 0 1
"873" 1 1 0 1 0 1 1 0 1 1 1 1 1 1 1 1 1 1 0 1 1 1 1 1 1 1 1 1 1 1
"874" 0 1 0 1 0 1 1 0 0 1 0 1 1 0 1 0 0 1 1 0 0 0 0 0 1 0 1 0 0 0
"875" 0 0 0 1 1 1 1 0 0 0 0 1 1 1 0 0 0 0 1 1 0 1 1 0 1 1 1 0 0 0
"876" 0 1 0 1 0 1 0 0 0 0 1 1 1 1 1 0 0 0 0 0 1 1 1 0 1 1 1 0 0 1
"877" 1 1 0 1 1 1 1 0 0 1 0 1 1 1 1 0 1 0 1 1 0 1 1 0 1 1 1 0 1 1
"878" 0 1 0 1 1 1 1 0 1 1 1 1 0 1 1 0 0 1 0 0 0 1 1 1 1 1 1 0 0 1
"879" 0 0 0 1 0 1 1 0 0 0 0 1 0 1 1 0 0 1 1 0 1 0 1 1 1 1 1 0 0 0
"880" 0 1 0 1 0 1 1 0 0 0 0 1 0 1 1 0 0 0 0 0 0 1 1 0 1 1 1 0 0 1
"881" 0 0 0 1 1 1 1 0 0 0 1 1 1 1 0 0 1 1 1 0 1 1 1 1 1 1 1 0 0 0
"882" 1 1 0 1 1 1 1 1 1 0 1 1 0 0 1 1 0 1 1 0 0 1 1 1 1 1 1 0 1 1
"883" 0 1 0 1 0 1 1 1 1 0 0 1 1 1 1 0 0 1 0 0 1 1 1 1 1 1 0 0 1 0
"884" 0 1 1 1 0 1 1 0 1 0 0 1 1 1 1 0 1 0 0 0 1 1 1 1 1 1 1 0 0 1
"885" 0 0 0 1 1 1 1 0 0 1 1 1 1 1 1 0 0 1 0 0 1 0 1 0 1 1 0 0 1 1
"886" 0 1 0 1 1 1 1 0 1 1 0 1 0 1 0 1 1 1 0 1 1 1 1 1 1 1 1 0 0 1
"887" 1 1 0 1 0 1 1 0 1 1 0 1 0 0 1 0 0 1 0 0 0 0 1 0 1 1 0 0 0 1
"888" 0 0 0 1 0 1 1 0 0 0 0 1 0 0 1 1 0 0 0 0 1 0 1 1 1 1 1 0 0 1
"889" 1 0 1 1 1 1 1 0 1 1 1 1 1 1 1 0 0 1 1 0 0 1 1 1 1 0 1 0 0 1
"890" 0 1 0 1 1 1 1 1 0 0 0 0 1 0 1 0 0 0 0 0 1 0 1 0 1 1 1 0 0 0
"891" 0 0 0 1 0 1 1 0 0 0 0 1 1 0 0 0 1 1 1 1 1 0 1 1 1 1 1 0 0 1
"892" 0 1 0 1 1 1 1 0 1 1 1 1 0 0 1 1 1 0 0 1 0 0 1 0 1 1 1 0 0 1
"893" 1 1 0 1 0 1 1 0 0 0 0 1 0 1 1 1 0 0 0 0 0 0 1 0 1 1 0 0 0 1
"894" 0 0 0 1 0 1 1 0 1 0 0 1 1 1 1 0 0 0 0 0 0 0 1 0 1 0 1 0 0 0
"895" 1 0 1 1 1 1 1 0 0 0 0 1 0 1 1 0 0 0 1 1 0 1 1 0 1 0 0 0 0 0
"896" 0 0 0 1 0 1 1 0 0 1 0 0 1 0 0 0 1 0 0 0 0 1 1 1 1 1 1 0 0 1
"897" 0 1 0 1 1 1 1 0 1 0 0 1 1 0 1 0 0 0 0 0 1 0 1 0 1 1 1 0 0 0
"898" 0 0 0 1 0 1 1 0 1 1 0 1 1 1 1 0 1 1 0 0 1 0 0 0 1 0 0 0 0 0
"899" 0 1 0 1 0 1 1 0 0 1 1 1 1 1 1 0 1 0 0 0 1 1 1 1 1 1 1 0 0 0
"900" 0 1 0 1 1 1 1 1 1 0 0 1 1 1 1 1 0 0 0 0 0 0 1 1 1 1 1 0 0 1
"901" 1 0 0 1 1 1 1 0 1 1 0 1 1 1 1 0 1 1 1 0 1 1 1 0 1 1 1 0 1 1
"902" 0 0 0 1 0 1 1 0 0 0 0 1 1 0 1 0 0 0 0 0 1 0 1 0 1 1 0 0 0 0
"903" 1 1 0 1 1 1 1 0 0 1 1 1 1 1 1 0 0 1 1 0 0 1 1 0 1 1 0 0 1 1
"904" 0 0 0 1 0 1 1 0 0 0 1 1 0 1 1 0 0 1 1 0 0 0 0 0 1 0 0 0 1 0
"905" 0 0 0 1 1 1 1 0 0 0 0 0 1 1 1 0 0 1 0 1 1 0 1 1 1 1 1 0 0 0
"906" 0 0 0 1 0 1 1 0 0 0 0 1 0 1 1 0 0 0 0 0 0 1 1 0 1 1 1 0 0 0
"907" 0 1 0 1 1 1 1 0 0 0 0 0 0 1 1 0 0 1 0 0 1 0 1 0 0 0 1 0 1 1
"908" 0 0 0 1 1 1 1 0 0 0 1 1 1 0 1 0 0 0 0 0 0 1 1 0 1 0 1 0 1 1
"909" 0 0 0 1 1 1 1 0 0 0 0 1 1 0 1 0 0 0 1 0 1 1 1 1 1 1 1 0 1 1
"910" 0 0 0 1 0 1 1 0 0 0 0 1 0 0 1 0 0 0 0 0 0 0 1 0 1 0 0 0 1 0
"911" 0 1 0 1 0 1 1 0 1 0 0 1 0 1 1 0 1 1 1 0 1 1 1 1 1 1 1 0 1 1
"912" 1 1 0 1 1 1 1 0 1 1 0 1 1 0 0 1 1 1 1 0 1 0 1 1 1 1 1 0 0 1
"913" 0 0 0 1 0 1 1 0 1 1 0 1 0 1 1 1 0 0 0 0 0 1 1 0 1 0 0 0 0 1
"914" 1 1 1 1 0 1 1 1 1 1 0 1 1 1 1 1 0 1 0 0 0 1 1 0 1 1 0 0 0 1
"915" 1 0 0 1 1 1 1 0 1 1 0 1 0 1 1 0 0 0 0 0 0 1 0 0 1 0 1 0 0 1
"916" 0 0 0 1 1 1 1 0 0 0 0 1 1 0 1 0 1 1 0 0 1 1 1 1 1 1 1 0 1 0
"917" 1 1 1 1 1 1 1 0 1 1 1 1 0 0 1 1 1 1 1 0 1 1 1 1 1 1 1 0 0 1
"918" 0 1 0 1 0 1 1 0 0 1 0 1 1 1 1 1 1 0 0 0 1 1 1 1 1 1 1 0 0 0
"919" 0 1 0 1 1 1 1 0 1 1 0 1 1 1 1 1 0 0 1 0 0 1 1 1 1 1 0 0 0 0
"920" 0 0 0 1 0 1 1 0 1 1 0 1 0 1 0 0 1 0 0 0 1 1 1 1 1 1 1 0 1 0
"921" 0 0 0 1 0 1 1 0 0 1 0 1 0 1 0 0 0 1 1 0 1 1 0 1 1 1 1 0 1 1
"922" 1 1 0 1 0 1 1 0 1 1 0 1 1 1 1 1 1 1 0 0 1 1 1 0 1 1 1 0 1 1
"923" 0 1 0 1 1 1 1 1 1 0 0 1 1 1 1 1 1 1 1 0 1 1 1 1 1 1 1 0 1 1
"924" 0 0 0 1 0 1 1 0 0 0 0 0 0 1 1 0 0 0 0 0 1 0 1 0 1 1 0 0 0 0
"925" 0 1 0 1 0 1 1 0 0 0 0 0 0 0 0 0 0 0 0 0 1 0 1 0 1 1 0 0 0 0
"926" 1 1 0 1 1 1 1 1 1 1 1 1 0 1 1 0 0 1 0 0 1 1 1 1 1 1 1 0 1 1
"927" 0 0 1 1 0 1 1 0 0 0 0 0 0 1 0 0 0 0 0 0 0 1 1 0 1 1 1 0 0 1
"928" 1 0 0 1 1 1 1 0 1 1 1 1 0 1 1 0 0 1 1 0 1 1 1 0 1 1 1 0 1 1
"929" 0 0 0 1 0 1 1 0 1 0 0 1 1 1 1 0 0 1 0 0 1 1 1 1 1 1 1 0 0 0
"930" 1 0 0 1 1 1 1 1 1 1 0 1 1 1 1 1 1 1 0 0 1 1 1 0 1 1 1 0 0 0
"931" 1 1 0 1 0 1 1 1 1 1 1 1 0 1 1 1 0 1 1 0 1 1 1 1 1 0 1 0 1 1
"932" 1 1 0 1 1 1 1 0 0 1 0 1 1 1 1 1 1 1 1 0 1 1 1 1 1 1 1 0 1 0
"933" 1 1 0 1 1 1 1 0 1 1 1 1 1 1 1 0 1 1 1 0 0 1 1 1 1 1 1 0 1 1
"934" 0 1 0 1 0 1 1 1 0 1 0 1 1 1 1 0 0 1 0 0 1 1 0 0 1 0 0 0 0 1
"935" 0 0 0 1 0 1 1 0 1 0 0 1 0 1 1 1 0 0 0 0 1 1 0 0 1 1 1 0 0 0
"936" 1 0 0 1 1 1 1 1 0 0 0 1 1 1 1 1 1 1 0 0 1 1 1 1 1 1 1 0 1 1
"937" 0 1 1 1 0 1 1 0 0 1 0 1 0 0 1 0 0 1 1 0 1 1 1 1 1 0 1 0 0 1
"938" 1 0 0 1 0 1 1 0 0 0 0 1 1 1 1 0 0 0 0 0 0 0 1 1 1 1 0 0 0 1
"939" 1 1 0 1 0 1 1 0 0 0 0 1 1 1 1 1 0 0 0 1 1 1 1 0 1 1 0 0 0 1
"940" 1 1 1 1 1 1 1 1 1 1 0 1 1 1 0 1 1 1 1 0 1 1 1 1 1 1 1 0 1 1
"941" 0 0 0 1 1 1 1 0 1 1 0 1 1 1 1 0 0 1 1 0 1 1 1 1 1 1 1 0 0 1
"942" 0 0 0 1 1 1 1 0 0 1 0 1 1 1 1 0 0 1 0 0 1 1 0 0 1 1 1 0 0 1
"943" 1 0 0 1 0 1 1 0 0 1 1 1 0 1 1 1 1 1 0 0 0 1 1 1 1 1 0 0 0 0
"944" 0 0 0 1 1 1 1 0 1 0 1 1 0 1 1 0 1 1 1 0 0 0 1 1 1 1 1 0 0 1
"945" 0 0 0 1 0 1 1 0 0 1 0 1 1 0 1 0 0 1 0 0 0 1 1 0 1 0 0 0 0 0
"946" 0 1 0 1 1 1 1 0 1 1 0 1 0 1 0 0 0 1 0 0 0 1 1 1 1 1 1 0 0 1
"947" 0 0 0 1 0 1 1 0 0 0 0 1 0 0 0 0 0 0 0 0 0 1 0 0 1 1 1 0 0 0
"948" 0 0 0 1 0 1 1 0 1 0 0 1 0 1 1 0 0 1 0 0 0 1 1 0 1 1 1 0 0 0
"949" 1 1 0 1 1 1 1 0 1 1 1 1 1 1 1 0 1 1 0 0 1 0 1 1 1 1 1 0 1 1
"950" 0 1 0 1 0 1 1 0 0 1 0 1 1 0 1 0 0 1 0 0 0 1 1 0 1 0 1 0 0 1
"951" 1 1 0 1 1 1 1 1 1 1 1 1 1 1 1 0 0 1 1 0 1 1 1 0 1 1 1 0 1 1
"952" 0 1 0 1 0 1 1 0 0 0 0 1 1 1 1 0 1 1 0 0 0 1 0 0 1 0 0 0 0 1
"953" 1 0 0 1 0 1 1 0 0 0 0 0 0 0 1 0 1 1 0 0 0 1 1 0 1 1 1 0 0 1
"954" 0 0 0 1 0 1 1 0 0 0 0 1 0 1 1 0 0 0 0 0 1 1 1 0 1 0 1 0 0 0
"955" 1 1 1 1 1 1 1 1 1 1 0 1 0 1 1 0 1 1 1 0 1 1 1 1 1 1 1 0 0 0
"956" 0 1 1 1 0 1 1 1 1 1 0 1 0 0 1 0 0 1 1 0 1 1 1 1 1 1 1 0 1 1
"957" 1 0 0 1 1 1 1 1 1 1 1 1 0 1 1 0 1 1 0 0 0 1 1 1 1 1 1 0 1 1
"958" 0 1 0 1 1 1 1 0 1 1 1 1 1 1 1 1 0 0 1 0 0 1 1 1 1 1 1 0 0 1
"959" 1 0 0 1 1 1 1 1 1 1 0 1 1 1 1 1 1 1 1 0 0 1 1 1 1 1 1 0 1 1
"960" 0 1 0 1 0 1 1 0 1 1 1 1 1 1 1 1 1 1 0 0 0 1 1 0 1 1 1 0 0 1
"961" 0 1 1 1 1 1 1 0 1 0 1 1 0 1 1 0 0 0 1 0 1 1 1 0 1 1 0 0 0 1
"962" 1 1 0 1 1 1 1 0 1 1 0 1 1 1 1 1 1 1 1 0 1 1 1 0 1 0 1 0 0 1
"963" 1 1 1 1 0 1 1 0 0 1 0 1 1 1 1 0 0 1 0 0 1 0 1 1 1 1 1 0 0 1
"964" 0 0 0 1 1 1 1 0 1 0 0 1 1 1 1 1 0 0 1 0 1 1 1 0 0 0 0 0 0 1
"965" 0 0 0 1 0 1 1 1 0 1 0 1 0 0 1 0 1 0 0 0 0 1 1 0 1 1 1 0 0 0
"966" 0 1 0 1 0 1 1 0 1 0 0 1 0 1 1 1 1 1 0 0 0 1 1 1 1 1 1 0 1 1
"967" 0 0 0 1 0 1 1 0 0 0 0 1 0 0 1 0 0 0 0 0 0 1 1 0 1 0 0 0 1 0
"968" 1 1 0 1 0 1 1 0 1 1 0 1 1 1 1 0 1 1 0 0 1 1 1 1 1 1 1 0 1 1
"969" 0 0 0 1 0 1 1 0 0 0 0 1 0 1 1 0 1 0 0 0 1 1 1 0 1 1 1 0 0 1
"970" 0 0 0 1 0 1 1 0 0 0 0 0 0 1 1 0 0 0 0 0 0 0 1 0 1 1 0 0 0 0
"971" 1 1 0 1 0 1 1 1 0 1 1 1 0 1 1 1 1 0 1 1 1 1 1 1 1 1 1 0 1 1
"972" 0 0 0 1 0 1 1 0 1 0 0 1 0 1 1 0 0 1 1 0 1 1 1 0 1 1 1 0 0 1
"973" 0 1 0 1 1 1 1 0 1 0 1 1 0 1 1 1 1 1 1 0 1 0 1 1 1 1 1 0 0 0
"974" 0 0 0 1 1 1 1 0 0 1 0 1 0 1 1 0 0 1 0 0 0 0 0 0 1 1 1 0 0 0
"975" 0 1 0 1 0 1 1 0 1 0 0 1 1 1 1 1 0 0 0 0 0 0 1 0 1 1 0 0 1 0
"976" 1 1 0 1 1 1 1 0 1 1 1 1 1 1 1 0 1 0 1 0 1 1 1 1 1 1 1 0 1 1
"977" 0 1 0 1 0 1 1 0 1 0 0 1 0 1 0 0 0 0 0 0 1 0 1 0 1 1 1 0 0 0
"978" 0 0 0 1 0 1 1 0 0 0 0 1 0 1 1 0 0 1 1 0 0 0 1 1 1 1 1 0 0 1
"979" 0 0 0 1 0 1 1 0 0 0 0 1 0 1 1 0 0 1 0 0 1 1 0 0 1 1 1 0 0 1
"980" 1 1 1 1 1 1 1 1 1 1 1 1 1 1 1 1 0 1 1 0 0 1 1 1 1 1 1 0 1 1
"981" 0 0 1 1 0 1 1 0 1 1 0 1 0 1 1 1 0 0 0 0 1 1 1 0 1 1 1 0 0 1
"982" 1 0 1 1 1 1 1 1 0 1 0 1 1 1 1 0 0 1 1 0 0 1 1 0 1 1 0 0 0 1
"983" 1 1 0 1 1 1 1 0 1 1 0 1 0 1 1 0 1 1 1 0 1 1 1 1 1 1 1 0 1 1
"984" 0 0 0 1 0 1 1 0 0 0 0 1 0 0 1 0 0 1 0 0 0 1 1 0 1 1 0 0 0 1
"985" 0 0 0 1 0 1 1 0 0 1 0 1 0 0 0 0 0 0 0 0 0 1 1 0 1 1 0 0 0 0
"986" 1 0 0 1 0 1 1 0 1 1 1 1 1 0 1 0 0 0 0 0 0 0 1 0 1 1 1 0 0 0
"987" 1 1 0 1 1 1 1 0 1 1 1 1 0 1 1 0 0 0 0 0 0 0 1 1 1 1 0 0 0 1
"988" 1 0 0 1 0 1 1 0 0 1 0 1 1 1 1 1 1 0 0 1 1 0 1 1 1 0 1 0 0 1
"989" 0 1 0 0 0 1 1 0 0 1 0 0 1 1 1 0 0 0 0 0 0 0 1 1 1 1 1 0 0 1
"990" 0 0 0 1 0 1 1 0 0 1 0 1 0 1 1 0 0 1 0 0 0 0 1 0 1 0 1 0 0 1
"991" 0 0 0 1 0 1 1 0 0 1 0 1 1 0 1 0 0 1 0 0 0 1 1 1 1 1 0 0 0 0
"992" 0 1 1 1 0 1 1 0 1 1 0 1 0 1 1 1 1 1 1 0 1 1 1 1 1 1 0 0 1 1
"993" 0 1 1 1 1 1 1 0 0 0 0 1 1 1 1 0 0 0 1 0 0 1 1 0 1 1 0 0 0 0
"994" 1 1 0 1 0 1 1 0 0 1 0 1 0 1 1 0 1 1 0 0 1 1 1 1 1 0 0 0 0 0
"995" 0 0 0 1 1 1 1 1 1 1 1 1 0 1 1 1 1 1 0 0 1 1 1 1 1 1 1 0 1 1
"996" 0 0 1 1 0 1 1 0 1 1 0 1 0 1 1 0 1 1 1 0 1 1 1 1 1 1 1 0 1 1
"997" 0 1 0 1 1 1 1 1 1 1 0 1 0 1 1 0 0 0 0 0 1 0 1 1 1 1 0 0 0 1
"998" 1 1 0 1 0 1 1 0 0 0 0 1 0 1 1 0 0 1 0 0 0 1 1 0 1 1 0 0 0 1
"999" 1 0 0 1 0 1 1 0 0 1 0 1 0 0 1 1 0 1 0 0 0 1 1 1 1 1 1 0 0 1
"1000" 0 1 0 1 0 1 1 0 0 1 0 1 0 0 1 0 0 0 1 0 0 0 1 0 1 1 1 0 0 0
